71049
99886
26359
72223
35457
67959
6642
23382
59276
9031
94212
34952
69698
46880
6582
24675
85502
62344
9484
90326
88318
2729
16959
15868
53479
42953
70089
13538
37254
34626
72537
47830
53393
99741
27687
14415
74956
60751
64514
72979
1000
28848
77284
33289
68070
42323
80231
32444
7769
47271
13456
34664
53928
48746
14538
95780
37107
32837
27374
7372
20749
70568
41182
20585
78312
52130
80561
54207
64143
40892
27976
70516
48908
38419
84287
55800
82762
40561
81824
28501
61460
88615
8689
72436
23068
42825
98861
32233
21977
18886
34384
12509
75879
42082
22604
28022
68594
41906
23865
67941
94445
91603
83402
79979
93212
40103
35962
91593
40947
72173
3268
59651
93653
32604
50546
78095
91806
19035
58446
69152
32028
33600
25588
90762
92408
78660
14856
22321
50163
35104
23108
23059
90859
49638
52490
91950
4477
45149
50968
69647
98916
65850
27737
71448
42591
67224
27287
56397
13585
73493
10479
62364
4354
40584
16861
49862
38627
98
19926
86286
33039
22720
58965
8669
97036
58058
81165
44016
43953
86956
95837
7487
76386
38318
6017
95146
71638
87313
52933
75042
84218
79145
93620
79121
79374
92338
39119
8327
89709
87888
9018
48098
82794
73703
56144
2265
95637
24083
4438
80453
47037
86213
88685
51276
28816
28251
66305
87660
79102
76251
29215
42753
20476
78444
25923
66291
31268
29104
31215
77375
48633
79074
92183
38239
38792
35208
19545
49017
15210
71029
2027
545
90854
42494
84045
46028
54291
72630
77245
80850
76699
5833
13417
19903
41404
42897
8062
52310
4392
24120
52160
40098
90828
35083
15891
63131
53741
11256
28981
97361
37742
48164
80878
13464
366
77738
96992
64529
76783
14515
13593
71248
43889
50863
88007
68911
77821
6734
91691
83214
61022
35326
19910
13093
3273
65729
44816
51753
14621
70410
59431
61622
92741
36531
66692
96255
54971
38878
57450
46255
76551
53255
93368
2747
81668
20034
68862
59206
80771
54870
56620
47152
31306
54421
16645
38044
94484
30071
6162
84381
83036
15506
90675
57276
21172
41624
53169
11209
35503
72493
54735
67963
15167
89636
79263
85957
11416
38005
98929
59128
94644
66748
40549
43663
25488
80625
73442
55771
33555
90560
36447
14443
53422
49701
58814
67031
36607
67558
94841
57161
2544
54828
61332
85897
25916
48062
6258
47012
40498
43772
47780
632
61938
47190
92092
61567
64692
22599
54143
63061
61960
11345
88921
54247
61495
37270
99051
73882
47433
96336
92223
98421
672
61134
14204
76973
45986
13803
71605
45739
3732
52812
45659
79995
74465
45814
25395
68916
59514
74122
67683
99135
65239
77151
27109
19238
77851
78970
14014
12410
70614
12139
49480
43968
75781
10503
9931
20762
64980
8894
49131
55982
6211
41177
23419
80373
92678
16306
50895
26018
54342
89007
46895
80300
17445
21724
78983
38010
35455
11076
47803
19755
90155
83532
13720
69695
87521
60716
69958
11269
33462
17706
20634
49889
9283
89589
5191
83193
91300
78716
89428
94173
37724
60585
23081
18961
70997
44157
44547
37209
42277
57352
3815
35648
61836
72453
83027
27396
31034
49648
23440
76801
85934
87653
95108
75160
50584
65846
70468
64924
24032
37961
11526
69370
51168
14892
32468
70690
66476
36662
31356
57590
27826
70107
50053
89550
22396
66539
28829
93029
55699
37639
43853
80579
7485
43073
26830
89096
56295
87344
72692
51858
67389
7245
27368
42507
63990
28557
18420
65651
40654
96443
74264
63205
40235
38640
88345
360
34304
9298
56185
19956
78703
41702
83074
45791
16777
90612
74107
18308
89330
85430
58077
42030
96192
2140
3807
2822
81186
76735
34734
68087
68926
50911
1337
47162
13714
72316
90920
46883
65787
15246
78412
16999
57268
7169
44753
43144
88918
57904
7825
89695
71518
33532
8226
36101
7373
92426
62863
69726
31817
85623
24549
40291
56928
1592
51300
30506
99148
49138
17237
69107
37266
52082
60442
60401
61349
54827
57056
53812
98440
52682
56882
72623
76304
78999
99336
49835
91783
37162
74588
62183
92301
53384
18589
79914
50201
63129
86204
10503
34238
8134
1956
89292
76008
26068
27463
67079
17574
47256
13619
80404
289
91670
88963
76007
11786
53178
36145
6611
52435
64946
33290
67574
55635
39174
92666
80001
58445
55573
6567
30983
11370
72653
70329
80225
98818
96071
27830
1787
4602
16188
66700
96863
30920
82600
95496
5660
88754
70746
18819
24114
74516
51860
24348
15389
53760
18694
28161
64252
16063
55297
59847
20317
13974
82875
57433
36934
52004
96478
41132
60034
3367
88940
55857
64615
65631
41428
26404
74656
15530
21738
17282
48348
54414
95558
78167
64882
40310
97147
97173
43118
6355
19314
69633
20637
54372
44770
73063
62865
52337
35950
44301
54097
624
45052
19621
69409
75882
29966
49180
61385
61464
36478
11184
1956
16999
68794
12831
30247
61114
34010
67002
61484
21999
51866
41816
15515
47418
19096
21415
57620
28685
70444
2749
23835
10905
22943
79181
9952
13934
46953
70325
67786
92510
28747
6515
74207
22720
87333
80248
5298
3313
41558
14837
1770
72820
7950
5938
48875
30906
79665
29950
4708
33821
4906
3200
32372
35430
3945
84939
7225
44622
37659
50289
76214
13826
93604
99598
96353
97567
24604
70181
74726
44797
82627
94473
27675
29865
40994
37297
26018
60138
60704
85870
77204
42436
1949
98969
23056
75899
80943
86021
80064
20815
73270
48084
39204
49862
32510
99494
91357
22024
87889
30348
24856
86052
87414
60410
1588
33103
36522
43162
56818
96428
71609
30845
8825
15559
953
42221
24803
65116
38980
50079
41416
75189
50704
22916
549
11344
84044
1566
7112
37215
77753
97231
40986
31368
5986
64108
40745
35437
75514
66225
30097
37062
35377
45103
66567
53066
44146
63264
53314
70733
51292
84027
64646
2851
11259
1955
69422
89059
49218
82970
91317
62886
23464
59314
36930
17871
96188
56676
47053
93989
32805
84858
62866
73787
63611
9894
21457
28944
33244
71414
46208
32178
40140
88735
50382
62174
28748
37846
38388
30754
22389
65662
19034
36356
85297
98331
89378
95803
78071
29125
77557
32283
68705
45080
17225
90862
84139
6504
8300
98302
21995
35602
6608
37999
67527
53006
12467
50121
67415
14113
56329
10259
14872
5102
41768
90331
18378
93740
18928
36498
94791
77299
3029
45940
59425
27696
53770
91653
90742
77272
61516
38071
41170
2906
49832
1800
90722
59500
2826
59304
43920
91239
77987
48889
69696
26351
56534
4527
66918
90762
12415
13623
34369
37075
60032
83027
4376
74182
40074
83011
63728
57755
58212
6624
10407
96816
58523
80481
16848
82782
66119
80609
6283
51598
19349
30968
50816
18564
32918
30757
38232
47993
71779
8333
63576
44231
70987
49693
52155
51518
28379
88204
8843
52660
90185
38972
47900
53432
73598
70943
18501
64711
4381
34709
86076
17752
89651
49620
58060
31602
72701
89921
74454
81277
55185
87706
53505
30006
8650
74102
56223
26716
19187
32100
19870
68455
39375
11824
66951
4696
42691
36516
35862
98315
85921
98219
65687
35018
10994
83152
32889
92667
96670
42470
2130
70810
97499
25313
80783
77793
65072
95649
98326
60163
30533
7726
43194
4216
84137
25983
37658
15890
73599
77269
3351
74543
31495
46148
37071
94695
81860
52658
87995
59653
62095
81720
65057
64499
70199
60486
44375
79054
12146
77890
41621
61496
51269
62256
96885
82796
92620
7662
35466
2892
77927
77206
79130
86550
77442
52519
24634
7093
30143
24669
15140
63700
76577
35228
65815
11853
2391
17964
17772
84960
48388
99582
35184
29695
67335
98957
9987
42118
12364
63616
52971
3688
48654
33708
86581
44036
1639
39990
15946
46038
57237
29621
29418
51978
91627
50646
10664
92236
12337
97049
4194
91835
90137
16601
80923
88411
55680
67753
18198
30314
14300
53306
2353
31530
51816
58201
71196
81597
89929
40469
58484
75887
57180
9022
59041
88877
56127
78953
75720
10131
98201
57616
8942
69507
16294
36566
2826
58354
83874
17032
25060
64764
16625
96639
60944
96824
81033
13794
4034
79014
99965
35561
95021
53796
59560
92892
75324
88224
87890
40282
96619
81000
70113
22805
63811
58045
88286
15290
60368
4774
10083
86894
6945
58497
63071
35220
25660
77940
24262
56844
67899
35298
18359
58933
99623
27065
94635
91443
97135
89447
35927
83340
44869
53325
96190
96812
88789
76588
23575
96744
33443
72956
90614
30943
81664
61436
81049
78237
26921
28067
33649
60761
71836
43989
42283
29470
3255
40337
71546
84327
86479
30183
60803
16740
74857
88551
35141
15705
85689
13140
80867
9445
49557
35288
36879
10335
39125
19953
25012
99965
84138
12745
67360
33071
33880
89507
10988
11752
1745
39761
91306
87644
4079
62819
71114
46501
14157
57082
35657
29696
20003
11994
95094
8244
64316
87966
28994
34611
1013
16677
38052
56504
22581
3562
20038
96464
57539
55441
74351
90966
86057
1469
38285
22295
19619
85727
98175
3700
35172
95945
56989
2085
85637
9409
25989
3354
38890
28465
13379
93021
40628
63195
11292
56019
29916
15113
10775
42978
60178
8610
29575
56908
24115
91609
26617
56314
85760
65600
57655
43700
21025
31578
17943
39660
6933
14093
58308
85722
50644
68182
56999
28866
2820
3831
45169
11730
74132
49067
90535
23239
60537
95066
11274
89840
97634
65160
39553
1386
95738
78248
98470
21066
32921
11439
5419
39769
39911
88771
9991
5049
33455
87473
51008
73510
31259
43389
12278
15704
79378
50676
74378
39653
36395
26334
15113
69891
4972
80
41978
16043
24867
69437
58751
1465
51616
37229
93131
85200
29038
43845
97633
29690
53069
80582
72932
90701
63085
98546
96
31882
95880
86856
76788
25599
41372
95825
94971
84555
53571
17395
2230
12097
71985
87011
56247
80070
87658
41527
1644
6677
95934
44729
58951
75554
46755
73784
96358
44092
79948
56857
8099
22475
58603
71307
71802
44920
24576
34551
6226
32684
20317
85686
66954
18705
13720
51292
53090
42613
83979
60371
86819
40332
81708
84099
28780
31349
77860
49772
93754
46133
61039
46838
92051
77248
61999
74720
5295
61078
42092
47957
8099
57385
15948
82588
50923
66013
49899
91118
87699
45513
1719
3971
53219
91162
6763
69701
43141
54710
54662
14438
3156
10045
8839
26350
11747
81836
85128
85804
33959
42940
89556
57453
79425
57191
82789
20555
43404
42794
5182
7453
33887
55014
32994
57964
44992
36737
84240
6021
44006
81033
69788
33418
37033
66809
93226
20419
58632
97748
83817
24691
14550
72941
91978
24965
24289
44361
51260
11397
78561
57309
23718
33451
6970
23633
98784
42546
94414
22438
16334
93382
30370
86835
47321
80220
56907
3467
70188
75484
54165
34235
36968
17849
54416
10127
65605
47585
27575
97812
58629
17103
7934
6744
38262
20222
31671
76558
51749
93336
17089
96941
11545
6445
93678
14872
96019
19519
39216
99161
80512
93882
79007
2918
88824
81985
45001
37317
2422
49699
96599
46828
77492
84717
53303
97057
79491
73753
58923
49824
86180
29060
62926
20987
84806
20956
14014
37435
39388
18392
39627
66117
28762
90435
87418
58616
12684
16624
89334
32339
77651
34545
40084
49395
24733
69378
59745
5978
30848
95520
40682
38443
50995
73656
79175
85586
78536
68954
75238
65057
64458
43659
64944
19188
56687
90906
21657
57526
56122
38378
30729
52317
14480
11214
31330
34032
78324
8724
30958
81961
1569
61688
6471
65493
35268
36281
82082
1623
82932
62344
42777
77037
239
54460
29011
5067
45970
3491
9714
19844
56692
74835
75480
62151
84351
97439
90487
52581
43789
32613
99380
66160
98075
87747
97943
59263
58700
74666
56946
66191
95421
92107
72939
97380
80288
11758
81608
5325
66359
68674
13974
42437
20911
143
47574
59701
51927
87142
36549
98390
8379
95290
56550
3189
80833
64456
86926
84080
16383
67313
63019
33020
75575
30472
72306
7017
69553
1319
37700
68317
69491
78332
12284
15965
26559
97505
6583
59627
88297
4457
74817
49928
30452
39094
40280
5722
68648
13800
35135
13769
81329
54576
56129
94244
77559
41410
86752
54273
40726
8201
45081
65857
46330
7796
80886
73809
68120
77838
13936
24877
10635
89804
54078
81663
16554
15199
14782
58821
44771
98025
22911
91505
6582
3052
94121
66249
74256
94110
38665
34319
63939
2841
88861
91323
93822
51758
60697
98277
45678
10874
60467
40479
6449
92561
73713
82142
17362
3191
38413
14585
94086
85166
66785
34185
88866
71561
29205
34033
26231
3006
48515
99576
33387
11354
16099
4561
14357
54895
88984
40380
95061
28777
78838
34981
69806
93918
31598
22985
9440
36739
8023
69913
25766
12923
73371
86712
31817
20554
1371
36127
11551
85256
49888
55455
85284
66610
62687
47142
24435
79034
50856
45946
94145
23966
48044
76899
38518
34422
67208
36966
79497
95399
11058
7563
59702
96469
33022
88096
1567
53941
80334
8022
96669
44768
25364
87049
72865
8931
2277
73598
26955
68819
94269
13540
79589
21342
66440
69757
6814
40893
82004
43222
65535
86150
66833
178
82059
83646
17121
23941
151
2444
14210
80636
37347
42856
17621
23994
16373
274
46506
2076
12849
99199
99434
42366
70551
61069
67809
20247
10041
58040
36774
52639
60246
89190
10152
12210
99192
84925
45942
37932
31271
43156
39307
71859
69704
77222
77717
14261
73621
71683
18208
97318
40794
23296
44452
93739
86473
53871
38632
74165
15675
10250
28145
83877
75076
46281
49643
48462
24210
87219
62034
62393
34817
44273
49469
449
33181
12957
57800
58142
5654
35161
74045
40351
46265
71293
90751
42544
90097
16072
62066
25468
19065
88215
72874
59563
84764
27828
81006
64044
14731
7878
41480
9743
28219
24006
91949
58409
12568
40113
4516
14682
77450
45177
2004
65099
46915
78615
17582
27792
8193
26203
79476
5678
31014
80196
54948
49622
28786
58859
13350
42959
10586
16185
6894
66674
199
73048
37293
38415
66669
83303
31419
84653
88326
39048
17369
45230
8107
67027
41734
74928
22798
26765
62304
33840
35511
93524
67893
74634
62457
60209
44773
1627
51632
27728
309
96391
80538
40267
63187
7158
41423
21506
59393
37050
86430
47079
17216
98860
57605
56918
17115
15348
96780
33090
1516
14118
55647
91819
63279
7273
97639
95787
22113
59156
50243
66287
37684
80050
93064
47363
61362
95364
49554
58022
52427
20933
29286
79709
49726
14569
58534
30595
74272
48734
82479
52766
72779
39221
89683
51373
32806
84730
9454
67741
15341
19966
74727
49531
74237
31670
51941
17700
21982
35612
40331
18872
54093
79283
13970
68045
92965
87721
31489
24895
52362
82485
81035
28517
21105
96191
24486
67839
61999
35551
32611
37835
25181
88573
5647
58583
453
84952
8485
99505
93932
18722
48429
68635
19387
9832
35093
30458
30251
67408
69515
45869
72940
32187
88564
26234
88531
43434
80748
51268
15582
82876
74682
92953
23621
60245
84847
13160
83519
20859
90331
88783
22574
94170
205
85555
65512
44263
10533
27177
69571
11810
34935
59953
73500
80948
38302
44578
90179
53624
41242
34976
30951
47638
51687
38698
91162
47594
53724
99760
23072
50756
58429
44706
28826
76488
957
39620
83433
27221
38740
91870
8641
52291
81753
72623
13644
18021
49724
87969
4439
49870
39779
89111
74141
26257
55102
55363
8974
33984
4329
21781
50492
56662
40030
55662
290
10160
77716
13555
66481
79093
5560
14748
62265
53335
43558
21900
44784
3570
88100
12091
95170
20337
51451
878
54837
51952
46835
27272
60375
73563
48650
15258
44390
52470
28561
46839
72764
38614
86660
57602
70806
58604
20739
88200
735
93794
97937
20970
81405
59902
49256
12659
93304
93412
29111
75816
54818
65143
12666
56509
52616
56480
18964
59492
55059
22407
75852
24000
40155
86430
43361
56408
72745
74590
24074
54887
32296
45864
78159
32016
72327
58029
54782
72238
81549
11466
86411
85609
95322
65579
63783
13542
70005
38961
71899
65878
12407
9390
4065
38670
5715
58220
17663
95094
8993
32173
68417
49179
35014
42670
63251
62111
89890
12453
19608
19504
71189
92201
98153
57078
39854
8144
47725
72230
43570
14675
70737
12564
26502
68046
89861
58693
45337
36260
49491
21090
64624
46368
23261
8360
59759
8982
29809
17373
17249
24103
68395
73597
29157
10595
61671
89458
48501
31337
1762
16322
1107
7562
55085
57314
4307
63852
19212
43849
44863
43850
33073
5151
74731
69945
38831
79060
53654
31493
67742
46477
90073
76793
36875
6584
975
1150
91865
47457
67681
92955
57816
46686
2957
71355
74304
61605
75378
38828
99978
41309
14875
23779
18315
81777
77701
74268
30766
42497
70991
90335
55853
29843
48925
85599
21996
56423
98441
60605
95506
98952
91527
58569
49572
60029
25459
57736
55488
64000
1049
76177
92307
55334
81376
753
82488
70589
78324
11694
25293
65780
846
82985
52307
54419
49826
31452
69858
54252
83174
91075
95558
91977
54938
44376
71131
93765
77304
44022
53440
26391
59866
42175
96795
83976
37602
40697
2697
29926
64425
94451
74048
92145
87816
74821
79523
85074
83612
13077
61505
75148
49498
41782
16522
47434
83791
14731
43503
27896
96274
78538
2485
47758
14633
47131
64246
50151
2549
77663
45844
5872
35227
58862
96698
73595
14735
7481
52881
72531
53471
3374
67324
48490
84953
9433
54385
91087
25882
17703
77941
34811
84532
18214
97458
34442
57595
50889
92119
63239
77101
21256
48685
13503
44860
44163
27793
6008
80409
68455
76818
56027
12222
53961
52137
59084
97431
69904
23952
46554
88078
73423
47105
35154
2291
2128
31244
39822
53572
20108
60820
25995
86751
98966
7814
48152
61377
73015
89527
26762
73913
2132
30010
88044
39534
24301
97946
77076
54537
50335
41722
4081
41633
67752
5895
5376
34625
15370
23126
7678
75704
95497
91263
73880
25693
60782
81782
61598
8221
97550
1442
80246
7427
65733
52539
51884
64418
73436
77381
9447
71330
18057
35203
3127
95332
66038
83642
71243
83956
90746
89220
34015
42922
78115
56750
90514
51037
36949
35822
51925
68357
12523
19812
62240
65771
73852
5803
70495
58479
9018
12092
96649
59349
75348
53184
17777
38702
83132
95152
53013
84734
82562
89259
70932
97199
92926
34355
22845
29330
56109
78596
49122
72749
84947
77490
48523
94341
91679
18046
4359
43625
51788
12660
99997
27800
5603
38916
43393
71281
37022
55804
49411
12981
45544
44382
61537
98875
38720
43331
39740
86032
69436
96268
20008
33256
20009
2496
20604
56582
47633
35335
9834
52291
4502
7233
50569
25887
7098
18724
20685
83713
11553
29969
69496
81548
69486
67762
49610
98241
13386
41266
90292
34347
82308
25752
63243
29067
86866
73538
57431
13504
61973
58170
4779
51186
36315
49783
1423
37308
78173
2579
6297
57620
2761
70916
90746
64824
68090
15290
40436
88726
25571
87124
5545
63607
42923
25311
41903
19306
70033
3340
24224
68969
29425
50828
23566
54026
91743
98858
79700
1444
75536
36582
17287
51868
5113
6602
44907
43755
25423
49098
50850
70925
67213
63933
81695
86889
23987
35250
75321
74584
95115
40657
29179
73492
48584
69040
99512
28607
11303
45134
72860
70348
54807
14575
73085
58573
50549
69781
64656
60187
43728
88439
77752
14588
21516
53889
75898
80884
22978
68679
48364
3914
47428
51047
91755
10165
90877
93114
34796
9220
11319
9463
98442
37703
86071
43557
25790
25373
20130
39418
59917
46234
18051
55156
37595
15093
13573
71219
81661
54188
77498
10610
32812
49620
97662
16320
97078
22752
65366
64927
50638
56237
59058
20537
26211
25609
33426
33625
71598
51198
22948
59117
16614
42846
61259
73814
42574
15180
14651
43689
67789
56901
97313
77926
24286
75721
2208
30994
60030
24010
6742
95763
4834
17264
23389
48583
80043
92390
25901
25377
50578
95492
2366
3330
14398
93402
72236
19248
16981
35638
89139
59413
96910
403
75002
54999
7620
44446
32524
80943
60999
97125
75521
8841
40493
71935
55355
51383
28678
27154
96140
58193
29453
13765
22101
65869
13978
79330
21769
64055
77300
24071
11505
56653
22020
53034
35304
92058
23333
67975
55270
4589
89431
28327
81434
42005
4018
60046
24145
43611
90808
54689
72083
94204
38147
70099
63276
32673
45182
61579
30664
75389
23536
43443
42264
97155
978
47839
26609
60962
27938
46423
47155
68990
28208
65315
19015
28491
41462
93331
37698
60264
74308
90632
5607
48566
3801
94242
37800
44180
50158
64103
140
97241
61580
80589
6668
84364
50654
78788
67480
24675
4417
50243
58647
12119
93015
74157
60971
41632
84251
85152
31283
94354
33583
23322
88746
24468
75026
66599
57996
5465
78253
97804
67161
29180
16684
43562
85234
43165
53610
29199
53569
11314
68421
37918
77813
67340
79824
1881
78218
68584
76807
45609
9895
79629
77405
96875
70401
89033
76338
13206
9981
71523
83200
42828
44755
41532
98101
95293
54158
52040
57275
19443
68624
5666
39090
85374
44914
33937
1951
75900
68648
11509
9885
61859
74979
29325
9330
88239
29808
88553
1885
28611
83295
14919
22923
20381
89150
87021
52937
77979
21219
82050
54580
23332
55880
10696
74796
83381
16177
84569
18887
90888
79849
52382
66882
92898
19434
3590
20498
50874
48604
68137
6648
57793
82261
48442
79890
8434
99070
83426
20239
37304
78870
2686
93563
67318
44495
91927
55256
95735
45622
538
85517
96019
24209
45236
4792
69690
76129
67532
15008
52416
25191
83517
69638
9765
66563
48366
98553
43168
43735
88943
10760
22919
54698
67506
84786
65662
85416
26404
61273
54617
81479
42087
27701
6128
69732
90285
31781
22334
34700
43347
71329
46262
20407
99031
38219
26435
71662
34616
96163
84441
57613
86921
1434
39709
24356
79217
3134
23950
58647
67234
86387
63887
15237
30163
91075
47827
55942
17245
23181
63523
44558
18478
16153
37134
76302
10478
79019
66798
89242
65996
86902
66995
43748
10467
4583
22478
92935
34542
71074
42108
24544
63653
60619
41453
78007
83348
26907
42128
89275
99574
95730
68221
49707
18931
39947
31518
35410
57907
8075
80987
80330
41374
81267
11904
13024
90897
37366
79661
20568
66783
87236
89531
44615
45730
8004
4166
24095
13404
73184
23899
27080
28879
24026
5855
99080
83892
70237
45593
84069
41276
11214
66941
81154
19713
673
78486
48358
19016
49608
27760
49178
49910
69158
41343
15536
80940
63394
69775
92705
41408
70871
83369
8399
89401
80616
21566
52201
7399
21169
50867
43405
46172
94616
82345
58023
25931
98115
23624
21176
8220
15395
92904
8050
18601
74061
41500
38079
46328
10474
7067
58754
41684
91748
40684
89717
54314
65
69965
58481
15902
4588
77312
18956
56040
25614
55539
54941
26543
94044
85195
49179
37727
84938
88684
51363
98858
68381
57830
64664
72537
42558
35775
94501
39020
34123
95354
11134
69526
19495
45122
51973
60046
26194
52309
81608
21651
36371
35343
55655
58432
85617
23857
6387
99528
53025
26510
12914
70926
24378
14866
16416
3427
44612
19951
38543
988
15663
6854
53039
59280
24864
66830
1512
95179
50758
98980
7172
2610
15915
90800
74922
27412
73030
54351
25413
41800
14797
18594
87139
93737
103
67667
97081
92971
50880
65823
6436
14360
48566
68356
19434
80908
41008
59336
59967
57833
15950
35747
14563
17048
87067
66187
95017
25309
22751
37050
84723
97813
76465
97118
80153
77999
60906
4380
72680
1380
19956
96770
25031
58516
46434
60680
62708
57982
41881
39170
34285
63644
80620
35269
26155
75929
33349
67699
15113
35088
31487
57125
4482
45890
53361
60596
54392
37172
18885
40739
68145
81346
21958
61709
63164
13892
13495
83015
20594
26140
75649
46385
56535
86776
58181
2846
30495
80266
94447
90941
96845
87201
79883
96676
43735
22148
35505
1848
41381
3435
32124
55868
11448
43386
41241
73427
80392
81883
63643
80211
43622
22711
71595
46536
24800
9840
64316
63266
16259
1054
99069
61853
88154
85732
68711
98251
8052
27822
44278
61280
15396
88842
85397
58393
94722
27648
91218
98569
8559
41679
41936
30498
32885
25509
98363
79836
28717
53434
53559
97926
23034
69290
78929
69382
61555
40493
26551
17550
7583
27733
5667
126
69848
95107
48882
41039
66513
58599
97556
41091
84116
16658
39452
46119
86532
98937
54966
66593
61217
78057
82776
28764
16170
54369
54737
44301
77853
12304
50911
2114
72730
39564
96381
27942
87270
84940
36600
115
41034
87939
38755
79252
78683
28665
28833
1686
91157
91144
42047
37803
47617
16592
16356
48698
43862
48791
70592
80710
19003
35297
90018
10137
58603
63335
26662
17357
26481
18359
57323
41592
54898
32968
75235
12433
84138
63737
9539
8163
85454
5797
4282
40269
62801
44580
9247
66163
18306
90305
65795
1797
58994
52403
37925
2441
54260
72763
59492
9543
72541
32313
14255
86674
40843
8843
52152
43246
90274
5572
6504
81858
37937
55716
32908
37948
63860
95513
76972
14395
28146
94130
96956
70173
20230
93276
88524
45637
78843
10331
82842
35880
38480
40007
33671
65845
50843
5344
72487
22302
88074
65999
13074
91752
29636
60314
90328
14859
29070
84996
14577
89286
27818
86143
62929
42466
71706
81742
51931
84673
20866
95196
71149
32227
75083
18803
91385
8629
92420
70106
94803
26390
81891
48590
36422
67239
99914
23003
78498
94351
43140
10743
18896
53864
21710
97083
61798
82954
10802
18399
15317
93873
76975
32913
81599
54925
36245
36082
82631
23718
67180
23789
52225
66602
7124
27508
70888
55285
66438
3353
63982
94524
25274
10503
6926
53110
43458
8666
38109
6983
17684
96513
13279
50186
68453
74478
72342
85626
19664
14616
75318
9405
38901
47118
26899
78925
44223
75863
90140
99621
88158
87466
77601
45285
36211
64999
73998
97282
13706
9777
91100
67085
13441
89289
11837
81150
57191
42600
73750
90685
59328
17656
23049
36140
3845
50800
82159
79380
36296
40106
18213
54891
37013
82018
38046
28991
7955
40557
95222
70050
58410
53620
93286
66994
74495
21387
83
86019
55771
72690
63361
67499
62538
59080
77861
8457
5087
64487
64633
17971
86708
18656
1128
73787
65486
10292
84681
99070
23552
60396
52264
56073
23846
10485
51807
1992
79666
28155
95461
68076
4292
55681
77533
12695
66001
80411
28143
903
52838
77800
80403
46237
9318
97263
41033
27242
79119
99188
83366
20341
17659
99255
87049
11627
82979
3242
29196
61763
925
84653
9526
36333
41318
28264
45005
95510
18234
3844
40041
73338
35968
33094
10307
85511
26019
94249
51052
15850
55803
80791
43354
38265
27179
55748
44317
85500
42307
38439
8784
8633
26821
69557
39915
34778
25220
66844
87989
83836
48329
21337
36631
76599
6800
21238
62796
39589
86095
9667
99700
12465
20982
88688
85192
86238
62673
64389
93928
1169
36299
5663
52239
52891
76749
33447
75624
79367
96804
76079
30714
10045
61025
6860
47871
51984
24409
10891
2418
77290
94509
33394
98023
97906
85988
83316
76308
7351
46196
72783
42029
38300
91487
85094
50798
17984
33434
85622
61201
49609
12457
48440
8191
5836
50854
97426
51139
57595
87553
62554
30330
41195
65793
60904
90759
11489
9577
90294
81123
43129
20853
52823
71025
91891
94499
59793
86864
21018
15311
34360
6953
75314
18583
87528
15144
11454
44477
33759
29736
21195
26091
65429
89479
58972
19568
45978
39289
58194
53417
67786
27896
7800
43131
46223
33816
67209
9628
36179
38361
75838
18065
47583
90774
77944
92786
65941
20570
1094
76554
84199
40210
50740
31099
53395
41949
17360
67070
83100
45088
34426
46312
83077
91991
60359
30600
78668
29670
64946
40588
34656
42509
62368
28771
46849
9754
68750
97406
81491
93528
19161
77456
28254
63045
75210
61717
11077
52737
2268
57550
23009
12130
57579
76970
7482
77636
78523
23200
22754
67070
20418
52505
88429
38833
51219
58250
9168
68697
60008
14271
66197
7142
98123
80052
57976
29476
22977
23388
95522
76502
1524
81093
3487
49793
99739
24435
83998
52580
34248
36392
47780
88070
83917
21733
79757
84168
92684
98858
49313
53017
9146
57209
57167
88424
52623
1849
4393
98964
99661
6486
78779
38176
26571
98598
27753
49314
90589
88135
62340
75578
65473
44227
51048
34336
36872
67925
68053
83382
48414
96710
77256
91356
28793
20496
22134
62659
40730
82692
65412
45497
3523
27142
6086
31011
11286
44534
10930
2633
57157
21002
41312
66090
85915
36054
41409
89169
51045
73678
53528
90207
85599
18530
87033
66120
97015
32104
46877
94554
99552
77688
58783
76311
36566
66832
93206
57540
95144
7800
55888
89113
34663
9376
94919
30329
9321
86789
73506
44860
65306
41138
36459
58376
10049
32931
18856
48319
97002
97605
77304
7601
15285
91226
27469
46865
7898
26744
21120
73509
87286
67121
11605
59384
12311
27053
24044
78570
75297
68115
83329
27783
70842
1607
40929
13812
18392
19021
89129
62085
95301
46988
56124
63724
2220
68109
70081
4461
65507
13602
37175
74733
45748
39140
33878
87048
52074
50581
89988
18945
7828
40549
7152
18004
68665
43855
19726
22408
85401
38499
57232
9984
96668
72127
97821
8560
81593
20118
19952
11757
81925
78643
37232
50429
53942
97398
20999
64686
56882
65052
89922
89666
8089
35486
67204
10280
80844
31920
91015
870
19480
36970
60208
93394
995
69059
58221
91488
2098
82648
87630
68118
92212
82381
19678
83259
63247
69418
6492
85965
80997
31143
65146
51378
96290
16226
44497
98503
84965
37837
37919
72212
40713
74149
4351
73568
9806
16188
9667
84001
94825
35704
84719
92619
82053
49013
38677
13962
49204
57509
43177
55691
20598
93592
34913
52532
24292
55
49195
72596
38810
16681
25419
60533
88703
34233
4559
49774
98354
13903
43472
25653
86226
89562
56423
70290
91690
13903
96586
52686
52056
84843
75106
85962
13849
18228
46698
87596
82546
6462
92614
55221
73533
63850
76382
34222
73102
63273
31541
8928
68097
54462
59754
15522
78211
20321
1098
45549
61177
89631
31824
38572
43472
83487
88251
85679
90370
50304
33802
93695
63330
48190
97014
49036
97188
10867
85036
88449
19340
72250
41382
74073
86801
6126
88324
47595
20846
31761
62028
11585
2149
98089
82396
78727
32336
24069
27048
38046
93702
88798
89396
92912
20197
54072
32175
23774
99458
72616
89578
23252
91627
67151
11060
28126
88885
60260
60467
95445
1255
23695
40801
61394
43618
82770
63105
71939
11179
36450
44412
69531
71415
80147
33437
87491
96306
10803
44485
48462
81195
51340
13035
30091
92928
40973
23636
99987
12449
92674
46378
53410
57828
80959
31965
73123
26309
5340
80051
22468
7095
57562
15725
41417
3627
27940
77783
66108
69083
74865
63755
63458
88948
71941
81508
90344
74910
49335
93978
25916
330
87949
92542
12601
28855
70788
95635
35066
16288
7948
62599
60591
91525
17424
2637
65517
50101
54739
16889
50464
29173
36086
15127
13980
21455
75926
10664
64049
61338
7762
9561
9757
68642
77994
75714
26107
59188
62723
71513
6841
69033
72391
81680
34983
96428
21513
31793
9771
70345
98118
18580
67410
59379
82183
94235
39809
90194
13955
2315
8809
61320
27297
77223
21945
4767
10875
91434
92685
74033
36767
92481
22117
29138
97839
52867
9968
1886
53064
37838
28007
76763
75167
5822
92214
29642
18695
65708
91893
90256
95152
43842
5301
48827
20841
88759
64661
69299
81062
71723
95060
61695
85149
41504
41985
13169
8138
74835
54735
64687
71730
25110
44996
28095
62980
87627
88433
77550
18843
23039
25243
52317
53249
50400
29303
62888
78638
23292
26709
92852
44654
8376
58579
88885
96672
60938
49875
62745
61306
18004
17287
22133
85002
40798
32968
55914
49495
82830
33381
21235
81607
20838
33209
59661
34906
8090
30325
8643
50963
15660
37245
42229
43190
52614
80847
10501
73037
85011
82653
80767
21316
68699
92252
31138
10325
66778
78005
82350
65726
60315
72920
72268
5262
70358
72497
77108
6751
80035
24051
64607
49020
18169
9232
16043
94212
22216
28875
59140
42215
41071
66788
52341
81133
54299
73426
35403
31990
57501
54256
3585
88348
35623
31022
17421
12532
7395
35240
95943
66356
44239
73139
68785
2094
40953
49043
93352
77818
50418
61931
14630
87443
45074
25292
50736
84504
7561
174
2467
30482
63869
67900
13622
9204
18597
61225
31244
80510
72513
89793
58040
4637
61651
67387
31117
67501
34750
37546
77154
2558
75001
52723
53278
89620
76528
26200
13573
29832
62872
37619
19647
21068
15725
63647
28417
38700
70250
40303
92091
20304
80003
54114
43165
57726
43298
90350
93958
45852
54173
79225
25483
87443
38320
81447
57025
1679
2397
12526
31079
54563
73436
34341
27154
1321
28704
33691
66646
10695
23241
69220
28974
26861
33759
72461
22889
75675
96689
87217
96881
65472
63402
55492
42777
21405
41996
33836
91618
21895
62220
28464
26602
23659
94986
81161
11986
5997
18764
34485
14474
55881
80758
30762
88219
64058
31879
4551
24848
96984
38579
49958
75042
90364
56953
44142
93439
20639
63488
19237
6326
62689
83955
92483
81890
43878
6774
98369
86161
21787
86339
27985
96015
91126
28070
90951
79988
67130
49009
38164
30918
72665
3357
5619
63756
46389
68158
46780
75665
1759
92737
74455
4561
87553
97508
48427
85444
49431
66386
20276
27619
74839
48442
47058
27803
95537
38828
55230
30157
67794
27535
95960
69376
16259
85089
21883
16516
70990
80140
29554
31940
30816
16225
40452
36039
41578
75221
49035
45762
98978
83604
79267
38174
96390
18374
47005
80833
2496
28636
19379
26524
81989
28279
98454
57328
32312
56950
97539
16638
81132
59097
88212
72618
57318
86519
6578
76203
52000
57464
99240
23890
42122
62672
1652
47764
26572
18905
35958
57429
27462
52427
91563
39539
24088
55451
23091
4428
39997
93485
6702
98573
97490
759
12005
85241
7765
4628
11301
45426
20456
19650
33766
49094
64533
96313
35722
35769
14572
61320
91393
77579
28103
32749
74505
17254
98190
61232
52179
32263
58838
33788
73216
30150
21445
55772
20971
22339
13233
73391
77759
28047
87142
22471
52617
23028
18918
95459
9833
80386
4138
19558
69986
45496
2087
31860
87985
23979
34124
53546
64090
73269
36744
343
69885
8253
1032
80826
51112
76862
80126
63673
87590
69559
68445
90971
23573
54191
85569
70723
22709
28835
68267
75881
3580
60238
82602
20151
65927
4084
98646
68989
17099
67082
43925
75121
62346
26117
16992
19654
96609
17853
44032
49704
7805
20798
99186
7666
95405
46284
16874
14988
61875
57264
61939
59748
6741
55619
55188
57543
61104
34805
85935
1788
92844
71003
39939
94878
77770
92435
55889
28021
18169
48341
35931
73583
72296
9335
52104
50847
43511
53341
80581
39634
88902
22556
89445
21739
37711
49578
5001
52986
93615
60803
17883
24957
46879
67898
90260
74771
20097
36538
88862
24793
22870
88888
96915
66339
49100
78008
58180
48824
24373
21464
85142
26346
21970
1948
57062
71761
83534
42967
85389
85988
1320
95698
19903
89491
69801
2685
74222
31043
89971
14448
70155
9031
95674
85244
85132
10743
45932
81458
4201
77456
31627
46383
36513
1736
44988
89956
74905
50412
53304
25918
67844
26359
5120
23606
77599
81169
88173
20022
73299
33923
87685
21126
39389
32082
554
39763
71498
77024
85132
82524
67644
75514
10015
50328
13514
58366
88871
52295
25891
13678
77327
31731
47858
77642
10778
69538
48830
18925
79793
10459
36297
10534
37178
65235
63736
2992
49641
99635
21969
71408
33233
8520
59616
50508
38227
9318
38165
35075
33719
86170
231
87276
45241
67530
93788
6158
70874
619
91232
65529
39447
26976
57586
6944
40215
4809
14655
34452
78461
56303
19526
53790
32637
7370
21466
55160
84108
50702
66470
56264
85041
53904
66218
79610
4759
59736
57284
26457
68836
63461
63370
10666
62788
24439
30356
38598
55390
10845
51831
71122
52712
46971
76491
68220
73463
10808
64045
87059
81582
97346
88641
16035
72759
21054
70064
35436
11952
56176
73903
3199
81341
3299
39456
66324
31644
20405
49393
14347
38133
88034
58019
40253
32079
36492
48197
60766
98304
52132
95230
40721
28989
87735
53546
57767
85903
6232
90268
95318
9447
30438
41633
29555
60904
19290
63109
50924
46370
80719
54287
81571
72831
29070
48391
2922
81942
50388
6168
26552
14461
36323
69969
84710
39964
37058
98821
58281
52093
47985
71986
14028
8991
6382
75135
69225
47785
32381
67518
20355
30715
89976
87569
46787
33249
56914
47145
60270
60353
71913
45353
11455
22739
17544
46825
56582
37744
94326
72502
45820
67171
99743
30391
52034
61
84892
85067
93206
34789
9473
1934
55056
65484
97731
27866
64511
84125
66053
5898
94939
67379
8478
52762
6503
39238
29000
68938
50181
47293
89543
80450
88021
67751
94643
52271
38508
77285
61860
35018
80173
43134
65562
69850
90214
76470
84167
21648
54442
45657
69945
54769
65638
87954
85639
57329
33410
79000
54
65945
4407
98151
93257
86923
48295
41324
52900
66621
45789
97690
42747
39873
26082
5947
87580
60933
5785
20384
68789
22678
19608
13625
47459
62527
36899
13440
12344
92112
57414
85487
65960
96666
66095
94290
17104
44726
92070
26455
93636
78885
66187
22178
17556
9074
55754
59037
87162
27348
75996
41389
67522
79120
74589
27935
44566
29435
82086
22113
90085
55964
69223
40142
57296
98288
39907
76449
41201
43912
81575
99595
5608
92428
51176
17631
83331
62147
70712
88362
58760
2890
9477
72800
80259
46594
25646
80465
25959
56455
83235
23899
11555
2010
81688
64953
2146
58080
45029
33241
53598
55459
85885
72108
71459
59062
51049
30678
41532
25590
19137
4901
33980
33804
1702
29534
77738
16176
95519
67538
65578
79847
7918
62128
99428
92876
62893
5109
77172
89709
6059
24862
27277
95404
28573
37438
18154
16806
2498
87498
12115
49201
87608
74322
72072
68766
25237
11115
80525
15517
65539
20071
1522
47552
64698
97797
38430
17336
98427
22885
49400
37756
21767
86388
47569
83944
68858
97669
4593
42241
16648
45153
53308
40246
25650
41365
64897
76899
52420
60842
24735
26799
11470
25522
15412
13782
17373
65310
45636
22753
55477
6221
19746
48464
82510
60030
91582
55801
36712
38342
69995
20906
94893
40029
16332
47883
63137
7123
30874
75903
63016
21056
19860
96041
23956
92921
27076
73516
99817
12607
34058
74346
47184
1105
42791
35982
65524
92513
74408
52997
34172
31716
99341
81350
99909
20515
89461
65427
27804
86575
50440
4567
51605
26322
7809
88175
75531
13472
75317
31558
83956
47371
49060