39681
32376
80743
1462
22295
35216
54779
1629
5135
60803
38176
71178
98490
65943
53247
49881
5243
85288
95757
23766
47466
91844
37572
30025
64756
8326
47695
82204
88256
3053
54366
48362
37516
36536
15706
39205
94134
3360
42578
48068
55512
39378
43828
17992
95594
26919
16184
64585
4619
42274
81942
69185
27418
3014
61816
63701
39230
96849
57673
31516
87078
60601
44269
54285
67531
41538
60618
14825
90385
7577
40484
22978
80716
43248
61671
36007
76352
21109
57885
72205
62208
29681
59903
21787
92728
28603
72936
50066
97638
49622
74822
47703
3555
21198
68105
34623
94112
92234
69086
66806
18603
93710
53813
90987
81649
69969
90269
33564
90749
28853
38354
49209
13215
1768
83213
82711
35976
3702
4090
20948
50865
66505
92903
21538
27611
22174
62456
78899
72625
80197
62295
17215
13545
71317
31240
69908
1226
89449
48315
84314
10696
24347
80635
84289
37322
62140
97827
84074
75085
23725
21552
77488
9633
56253
10962
72049
3441
98239
21052
63772
80416
32518
24667
85241
4495
89088
81987
20879
49147
15981
81604
99670
96483
81851
14683
97850
62663
46656
27430
48456
56875
91122
18608
48536
58139
56710
62186
58903
9994
94787
98490
56784
76371
69890
75981
29655
61568
46501
98216
8914
47272
70225
12764
76644
28626
26217
9080
5398
1944
97480
4280
28100
48872
98171
34619
28738
17316
3289
41971
92041
14217
10911
41878
85859
85548
88364
32881
47566
48352
55830
40827
73776
9749
94984
35943
59127
83386
76473
19828
37739
99043
13481
42111
20371
90117
65626
59352
57601
33886
69321
64434
56475
18770
10151
6707
16391
59537
41209
30507
85746
57300
71208
44930
32893
60101
81062
54250
89028
40958
51966
28884
19532
95178
73526
62078
68585
26473
68388
60586
9065
73519
69162
20009
67041
84395
77295
37142
45041
63780
44444
31616
88118
49567
2639
57887
61901
37790
94079
58376
74623
68163
40750
14235
19117
83539
19780
20506
18969
59637
2573
80628
91246
8953
20593
43263
91150
92021
44811
95939
82870
56971
84361
32307
57711
61255
62464
46103
94644
68771
96904
19045
12283
2989
75803
93359
11426
3617
81190
58869
95704
95120
19465
8955
20197
44930
2673
32725
99606
65079
28847
38654
89769
30121
97781
69705
89361
97741
65964
16142
31623
29305
71157
18758
41773
60799
9978
49170
10272
56695
38736
6517
3161
85691
2764
52675
23968
3500
20063
95409
85423
723
4047
10443
30942
72289
3347
26244
31343
27127
11594
41064
98712
90114
1625
97358
7753
95230
98783
45705
93593
10107
49111
71038
24210
92029
47306
70543
2453
80733
99278
45238
28939
6541
53343
99725
51977
94105
56503
19562
35999
29065
84525
48265
83517
35555
59752
85953
85666
62509
47295
59000
69155
73584
26510
48658
47605
57080
95542
68325
50231
96503
89522
77096
45406
33610
56562
14442
25022
14420
22806
7230
4690
26342
86985
14420
23881
65024
983
91139
32077
40465
15852
14051
49553
64377
31914
71351
95222
12080
59142
41351
18842
15680
79104
25611
29822
62189
23198
17060
48146
66389
7620
91557
72703
20915
61105
3694
4848
34781
10233
47449
81150
69197
38938
22509
47543
9884
71422
8560
21770
12650
81997
33146
93010
80635
34667
1444
67869
34715
41973
96639
97559
21410
85907
6529
39416
12691
71259
47643
73190
49310
26626
54694
168
77253
86495
24571
84457
40924
2078
5633
1765
24778
6590
66401
55347
45964
19528
28662
11407
59672
80236
19777
67619
81534
57594
55769
18289
41003
27961
68382
96864
42151
52839
18126
42144
47711
56654
80657
84347
55229
63103
91343
23579
6291
96238
30274
32306
91830
71306
74086
69129
60871
14615
80236
63689
4205
68426
30734
68608
39646
38560
41565
23792
8157
58171
20662
53690
2460
41723
87411
62978
18755
30965
91293
99679
7401
77042
70847
61313
57759
91366
97846
92575
97612
91370
82181
64541
97363
91001
81829
47030
83793
99492
22746
1932
23330
98931
85344
83753
44643
43833
23364
4432
26514
67154
77711
53125
79313
55836
3325
39158
87754
40719
28620
33925
30252
58265
52912
74099
95924
34810
69763
55370
32231
49914
26138
65959
99739
18082
31507
96674
1046
63838
53513
32571
79214
22508
86762
22147
20143
86785
80224
9796
44923
84217
39948
42542
58539
38712
21905
38943
26868
52930
67916
10062
94181
97716
70529
68885
62605
43965
92240
2456
55353
21628
14503
19158
21307
68823
96145
20843
32678
66805
44812
80575
86486
8505
55000
69775
87116
24603
427
73398
53815
77732
95906
24215
95214
90566
24754
29354
60570
19223
90973
40417
99601
51592
7775
70485
78493
1478
97256
1618
97435
12331
77028
63419
95710
834
68790
79804
12852
84374
87203
52267
77505
405
6059
44057
62087
12166
54930
23866
83687
77860
59228
80047
9185
96790
38744
83372
89336
38541
47763
93867
75793
81273
71821
60781
70457
89064
78697
64968
24870
53276
80317
25617
50358
48680
80938
97959
61396
21639
22181
96570
79993
1561
86452
29974
19726
58138
404
65200
3632
72641
18743
24267
30317
92658
44555
25607
35946
56992
70805
72808
24519
20643
13277
33918
10458
24721
69315
67158
71608
99901
45647
61148
61554
62505
39942
72939
27484
78792
50137
37779
58537
35669
53047
47910
56914
9705
54370
17023
65077
4509
10783
99215
59930
35837
46375
14405
33393
73925
84155
85402
25271
75643
87060
38518
45592
21544
16856
30882
6094
65300
49192
5259
19559
50845
3767
77391
17829
2356
16246
30024
6622
17684
57866
46130
62276
74720
84094
5915
68927
62935
86196
11238
70134
5463
13175
53915
50477
83947
35501
56047
1577
78546
44424
24107
17550
81262
67579
22748
2825
22277
51146
53590
2729
81784
19866
10757
12968
12222
29575
12242
42696
41404
80501
60047
31257
19139
65310
18847
92215
28742
89513
32069
56240
61462
29052
86183
34210
12956
96296
96638
91203
28402
26755
2813
81594
38814
41971
90268
14443
84364
48774
63968
13809
27431
51423
10600
42979
84468
90379
21495
86745
89963
43217
88505
27207
83699
82151
52947
32648
3641
54241
46732
25654
35629
46981
46738
8630
37049
42234
83434
40945
74622
55327
87864
44636
9453
23128
22310
49177
37246
60802
87509
87318
82577
38920
88862
88563
43199
32462
55588
20098
571
72075
86040
5191
85131
70419
42919
56191
94269
11666
75044
41948
93512
39701
76654
77454
24640
93123
8765
57022
65397
6857
31023
9460
80297
78098
83017
6104
82828
53749
77100
88405
36630
91720
1398
2490
70528
93939
18642
90298
65567
93727
86429
92883
91326
66222
99062
23275
51863
44164
54657
6199
89069
86946
10647
40054
19849
32755
35022
32185
49455
832
98401
21254
48381
31646
8956
87730
16480
45095
40614
53899
94034
97606
35818
84024
4340
48972
91972
90232
62915
25407
39941
44455
47706
6802
90147
37791
38885
96080
78816
54939
47965
93522
50294
79159
72356
86640
22396
58611
49631
76148
503
32534
16971
38058
21407
1967
15933
13811
43820
7799
92090
79225
41982
18611
99440
89181
22342
79381
95055
81516
67573
2177
55944
75824
38270
49325
28704
33475
49930
58626
69136
83262
68825
89504
85789
59983
77776
53053
31055
37385
94691
8814
43888
22805
43039
37310
7331
43431
23220
84539
98622
8299
85534
99664
51557
86558
93296
91501
84964
7545
71324
54339
62377
25416
50208
10475
43324
91450
4080
46662
3964
55888
60347
38143
55544
57176
99389
81933
58054
71091
63618
68501
75267
37298
84306
31244
67496
7136
46365
15993
54373
28793
61923
33625
85661
21336
25248
86780
80253
61325
85715
33037
59194
34478
71082
19152
44870
98308
66732
42083
34735
20422
5826
89670
29876
95204
32579
75351
7173
57242
10810
72151
76182
22500
27542
77384
20927
93296
22670
42744
99859
81838
51279
37463
49435
57381
20035
50595
12911
33759
3584
46405
2096
42373
74122
75732
20389
77957
8550
37720
86991
78351
4732
70889
65099
34655
4583
70454
19460
90837
81853
48865
45555
61153
22998
81671
92180
9465
42683
22942
2982
86925
29068
68919
14942
11825
33741
26658
83560
79001
87534
13297
60988
85284
48470
50389
6265
58543
36427
87876
66881
10410
78369
48220
51216
46280
38941
85250
6809
96752
3908
1603
41567
90480
95172
30684
55310
70417
23903
65364
87156
80421
54032
46246
479
21949
20444
92189
88531
10615
598
65657
20680
78581
87054
50478
90750
81545
64919
86987
34206
92972
36371
29592
39375
98254
11518
27928
42002
79911
97396
12430
52282
81484
80064
31740
74315
52414
35202
31399
81390
46524
75707
1590
85390
98456
62808
39129
97650
62791
47353
78919
69399
23186
17277
78847
41545
8170
17292
88208
70687
51864
14208
59412
83920
46674
56881
50423
2389
54282
81724
99062
52093
42785
46607
5986
25703
41432
55155
15523
18367
9031
4887
78553
29560
73446
29141
4638
85186
7272
25827
34792
57193
84072
59960
19050
55242
85468
62136
97498
24210
65638
65694
60525
59124
38730
78246
78686
53703
71353
40532
35982
37562
58763
93668
46502
35029
88460
60847
83224
40653
9581
10678
64611
78659
40603
49198
19348
16475
86189
80425
24362
8020
99702
81213
67730
51272
9499
13267
25297
33921
93855
59406
20320
66102
3865
80565
58641
21921
78951
92703
85296
45695
83324
19066
16197
70723
58740
22680
43734
8503
18089
73751
42154
25936
47646
17291
58440
44940
30136
40203
63229
80747
7309
65460
37084
4711
82740
2622
40031
40722
47836
3545
81740
52267
89241
59523
4020
86076
77497
62217
66037
84659
32788
41847
57982
18682
16418
12030
85746
5173
7206
97985
65062
6360
78952
48796
94789
68482
41857
21874
71604
15386
13519
29138
36111
86341
39080
47716
55377
9057
80460
30325
29651
51714
5011
12285
16460
9990
67301
23337
43574
23158
66920
36586
46449
46555
38964
89434
40705
21627
21955
97222
56723
4783
48228
93564
80381
36738
16110
95666
31938
49864
25618
80272
5173
70008
68905
24220
46869
10600
11500
160
58935
97443
43491
81274
71202
618
81493
15648
32915
22148
65470
18957
27808
77475
48062
40973
8218
55061
50414
40897
6667
78435
71278
25519
59519
25610
79194
21801
62816
53683
37275
50136
9113
77041
58585
69349
924
83671
85518
92611
72766
60403
99574
43997
63776
19659
3619
40312
86121
2899
37965
53572
37967
52423
41798
8484
87157
90539
67915
10392
67502
23645
26806
25987
74784
24596
1008
55902
63715
44023
75365
68696
88584
23932
2064
77416
12951
41979
98549
57713
51280
59183
14477
32624
50163
3081
22108
30597
1884
24208
75038
87868
62438
47161
4608
93879
36304
61566
79244
75706
32828
58398
84700
99250
18132
56178
81231
36450
45032
17607
10585
50924
5266
76701
91284
30809
64027
98875
55573
50853
90710
62924
41978
87786
76233
59354
77567
82151
18509
46053
25167
8716
75339
94048
76535
28037
24102
27017
3991
95393
88407
19203
91442
82333
65523
29586
44101
66866
80810
65138
23476
76472
79240
65076
95328
85045
16958
85045
22869
83079
64219
83581
21567
18057
25235
77681
32124
98981
6466
42454
1517
63894
51242
56323
30950
70393
45399
44545
82053
19440
81732
34274
13375
54770
75511
99098
44438
24115
91751
27839
47430
84075
41790
56057
78943
57029
95705
53285
15981
89094
17036
37196
94195
60632
75074
75227
55
92339
39138
6719
67702
55271
2990
66462
63416
59015
7077
81461
16382
64469
68232
57930
49944
967
77594
14509
38003
99539
32192
44880
6032
39005
85352
55455
92207
87673
4901
10078
63594
92606
6488
14687
86526
24682
87851
33628
99300
40908
73048
77558
8543
63058
35878
87627
85229
6127
57139
75534
54144
55912
19117
55334
1767
41148
15962
45444
80837
18446
44599
82082
35459
93488
74845
95637
49153
56750
14272
10383
14503
11636
36530
85332
43994
92220
74597
67606
47563
78808
34765
12335
5737
63064
96547
57530
97526
3545
46086
94927
34231
68171
8699
13529
5413
25948
75606
502
24801
54470
21617
42698
6661
87666
15673
14496
75317
9096
92456
18047
90900
48437
30220
420
53586
92759
79591
19714
66499
58663
89136
96818
61067
77891
79638
57081
8310
13623
50885
93845
11268
9735
23585
88963
42753
67004
84303
50384
44051
27785
86963
78617
68076
60121
80980
27074
40544
32344
36796
39536
93488
96922
7804
37604
29604
15563
92172
76436
46712
78867
90671
91015
34221
79941
38485
26188
64096
86534
34682
9623
55864
46773
55371
15354
88665
98523
65097
84413
58645
36399
40455
46873
52994
27046
5710
83094
42887
5206
39615
3871
59696
81862
74936
71807
32097
4532
58544
73882
85542
40642
84444
84202
58537
22493
99604
57077
30397
19468
99920
62695
70872
18162
55787
13457
99581
81183
83210
21598
58743
58649
11030
36590
23041
50947
78884
59633
86658
99527
86
35905
50839
52005
80251
42780
19305
69240
45617
92477
3837
23585
40267
27222
4202
40787
54861
65869
89093
8506
91636
53488
8984
2632
95507
58997
99377
62366
52344
75314
26582
73747
27340
43637
67735
16228
60090
69442
25148
37912
4551
13096
15901
84847
70719
26302
28112
84870
2097
23583
30397
51946
4528
3582
63406
21079
2938
34600
3362
60299
44054
41909
71041
24907
89814
15242
13705
51474
46876
77935
45958
4754
84793
82376
26881
23016
66544
68338
4367
50401
29914
36603
80554
60578
3650
98174
29470
12857
53776
60315
29401
93598
14563
96879
50085
55525
84247
83540
88722
3714
49767
77815
37004
37049
29484
50610
84300
14658
94019
29990
58731
65782
4204
983
74288
17848
98351
32164
43946
64706
79609
55809
16410
92811
30500
37043
32328
3282
79188
58215
89590
56970
49598
85263
6161
19746
86691
46906
50275
13456
66810
66159
85606
63993
61708
22982
27699
41919
59705
49891
16601
5064
16632
49840
87689
12967
80155
21813
23757
42153
98737
38391
80377
1054
4612
18506
36793
77281
70435
33396
27722
10982
72571
32800
27430
85952
73694
44764
43575
16332
2469
81487
84076
23997
38865
81498
97033
53124
19501
27466
65048
61500
67024
41303
33470
84176
58559
36029
40809
54442
39919
3764
23461
4888
57480
98990
54286
98173
59525
2380
9183
58193
87479
11165
81225
37558
98730
51285
48063
70616
23167
6854
94350
52416
30104
19709
35914
43190
21906
44923
34660
43376
20556
42126
13944
56603
30055
748
34626
4932
64902
10700
61072
85860
49844
17376
24531
91206
31268
5331
38031
73942
16787
36635
10450
53800
71275
73371
64481
84098
705
33784
12814
67751
74014
44470
64230
94817
37370
53294
20679
42026
4452
15214
7758
24152
31230
79501
43790
69282
43717
82025
40253
63187
45135
33471
1416
89321
71117
34822
42375
5610
35056
77641
60523
65893
10056
447
64052
19168
66215
88713
94144
30435
85347
19847
37661
23520
25371
87223
27775
59902
50481
10027
78316
76129
41750
92326
57269
64119
10019
67443
33856
58497
17923
32833
96768
63772
32942
86783
88198
2539
27344
50160
42929
29827
64457
16235
19520
18643
7533
16435
67208
29677
82763
54221
89858
22133
16107
62915
97180
52390
48113
84980
84015
78811
72606
52981
40144
61441
78677
22920
2912
11798
84795
78776
28990
84669
64503
70766
84285
99074
93562
78899
44432
1028
72536
92931
45633
50660
56756
26250
64353
28361
67834
1630
82009
26093
45157
96792
88575
11207
84929
50864
63909
56085
17354
24436
58284
2886
13076
64036
3254
72162
19364
65486
7800
90263
94811
28609
12878
40257
72115
47696
37320
20852
22818
52613
51202
95433
88156
38719
89266
60195
4629
99273
96890
24605
90499
67448
54398
94418
38754
55361
45807
19784
13489
1525
52518
97305
53433
64379
86540
44192
79950
60936
70550
78525
2254
30845
81006
63461
59431
56988
4236
64521
84949
2568
49539
66432
80617
76665
52536
42324
86309
81465
49742
12742
90147
77502
8221
74431
5046
92036
83041
83605
65320
28454
75374
7766
66978
41273
34688
13843
12138
71654
82449
87980
88070
51457
11556
76180
73216
80426
15423
50145
78338
98464
89429
37234
22752
88093
65697
79357
79412
35218
18255
17428
40037
51167
24564
6803
51969
5903
15230
78473
83433
61902
80357
37761
11916
87784
55233
39916
13419
26752
49429
38156
8540
5193
54698
62623
66827
21381
73878
89094
70618
34839
82619
76177
36008
52679
97228
52330
73296
37426
25386
38042
7208
17034
87149
84668
87274
92433
25821
52348
48688
85294
62753
17770
48728
80906
29422
70337
79783
32522
63393
50991
55434
6057
49513
5217
16439
63632
85723
35181
34162
61653
264
76667
9068
30222
31116
53072
5701
35792
56221
61560
23826
7720
21924
96591
73018
18773
29896
7725
44794
18529
71205
25356
53640
53850
95228
71895
4565
80689
55460
64880
4588
26797
68702
8478
43607
64301
58022
95378
25696
6809
45925
50420
17269
62563
99428
76079
93861
37280
8315
19381
71399
99517
75463
99856
79033
94719
90585
65799
48486
9243
48491
37705
29121
26959
70798
27449
26510
89275
41536
89045
76960
831
29689
14725
46013
28499
39780
18237
13373
60381
85226
70735
49265
28114
98729
46448
16033
87948
65764
62885
17998
13476
62005
10090
62902
47053
20606
12830
63669
61037
31068
47055
39144
87928
95996
92477
62766
45738
12936
68430
90279
20833
12506
49102
80574
7221
54129
64544
21571
85557
83265
66373
70225
31904
99525
33671
17518
87356
41328
37699
89585
37206
31681
20114
6109
39990
77012
73554
38092
74910
55348
47221
5799
66880
14351
22406
32849
5113
76227
34003
50692
62894
16788
93275
67379
38625
98911
12022
31438
27728
62024
53243
49956
50538
23280
46898
6435
40207
90211
95095
85723
32291
47405
98343
23136
59406
27980
9963
19470
26067
47649
21662
43911
15083
36352
6876
10488
48061
49415
69961
6841
36861
54124
92506
84755
39582
91759
92260
25789
63893
558
48096
87327
97932
27574
23928
33335
21503
18583
78225
98745
29270
23025
32276
50865
52352
84875
92954
92548
83624
18242
44564
83604
53911
96734
15285
29699
31238
86848
2652
3791
76285
81528
57153
11388
16493
28468
57627
29327
45799
48690
63052
20790
35959
66902
9227
52197
61216
28279
81963
51291
26357
755
88748
12387
33393
79875
21534
40214
692
71786
67758
28958
5467
18695
335
33430
72859
47721
92294
13517
5145
50722
18833
7433
86729
39924
50708
83143
29953
44232
49538
41377
5496
78302
78309
34057
46113
38399
42411
1106
34206
17934
44621
79214
44835
75677
87740
81169
42217
42683
61898
49908
68235
23147
43187
47222
1536
82640
22854
55357
39925
2660
44723
38906
89126
52520
84371
39978
74169
40182
81583
20345
51032
74866
9998
9538
63401
68063
14782
48305
96683
39789
78014
2601
20463
29808
12165
7105
40817
45677
21043
98665
23089
52173
33011
16298
33107
34420
80105
56875
14831
19467
64990
14225
9941
50809
87780
65054
16705
3472
54024
51482
92054
71524
55124
33295
75259
88279
58334
40974
20239
33903
48272
29999
34410
63689
61428
14901
30097
28198
80156
76080
60245
963
79244
23804
60425
37735
71941
45031
45438
9462
7278
19408
54494
60771
37664
17867
35937
45026
41103
16769
73742
17082
37936
47924
72210
30905
44108
57152
82262
35234
16224
60188
35072
34498
14701
55424
29449
59393
28322
25025
74678
62163
14500
61624
67477
12622
52376
25728
66262
90550
61837
24094
90339
34387
97449
17851
49918
60676
17070
36333
25014
54701
92520
45044
13733
36780
64469
54400
50984
84106
37234
46287
2716
4652
2815
18484
58673
24649
27790
30835
98958
61334
85677
47561
13666
99997
8844
66505
44674
3885
13485
47777
58083
53418
11977
64411
73558
9125
62681
35487
12859
9574
65831
77782
88611
78629
26929
72553
52486
53689
20790
52776
47261
12584
93665
6182
82590
53501
84816
83426
35698
59863
10048
15904
93044
97725
16918
41046
65928
98768
76812
11939
17461
45145
50486
98297
98528
82306
35216
94043
40775
97313
79494
98690
56311
14254
7007
76730
34571
25845
52807
99017
50337
54023
57336
7983
26394
23787
47652
33160
54126
1554
75746
83215
23274
84328
7058
34813
14312
57958
90702
78479
33704
70181
45904
49733
94064
50573
92570
12071
66429
84683
37926
20578
14341
21729
17770
65744
29099
727
17415
61750
18238
4431
80815
70342
16623
21942
83856
51781
35437
54743
35969
51111
65246
93193
9352
15670
76380
24617
38630
29010
76105
46210
75808
92050
80881
50920
69323
21832
92507
66789
23474
27907
95947
76875
29063
58990
727
47047
11684
47606
61444
72119
62013
1929
58684
8338
87140
17657
69998
17317
97399
27583
8995
31807
62666
82813
78264
29090
33165
13980
76253
60217
3515
29236
4840
12809
86782
59370
11191
31456
92801
87571
14913
93002
90196
65399
81367
28355
52182
37265
93212
18823
79554
41491
52574
91172
95032
10886
85456
16305
18022
73326
47141
1144
48307
80716
18859
21454
55145
88318
34338
90244
7101
56545
65047
1302
54395
98103
44994
6432
55154
97475
12664
12401
33786
54576
6670
70263
99517
17201
60875
22586
21161
39396
16232
57509
10609
67376
26246
39742
78938
35502
35628
8919
89897
68260
88028
69053
32711
4875
42321
60846
30126
22482
54200
67176
60114
68571
96359
13020
70511
39684
66302
94977
29738
83808
19737
25508
31975
88836
23407
89885
96455
51806
54442
6109
41404
27070
97155
29828
12075
59065
63993
19632
23611
82306
42542
30575
57280
65817
27806
91541
28703
85568
25821
7081
46078
78888
14476
43130
36874
80939
73912
25807
27075
89138
47311
13851
26056
60758
42463
70799
65947
54947
17197
67370
59952
48921
89615
13260
25911
57836
57799
19112
89444
23660
63516
94775
11415
54879
49846
38345
12013
31145
5302
59319
30818
44174
93744
11636
21761
74990
12838
45666
3275
23439
9986
99424
13759
51641
42511
75649
98219
81722
18805
73432
33680
72937
78095
25199
88171
5832
54347
41207
98245
56547
36445
91514
56537
39062
17792
74284
89821
11530
9482
88000
77711
29023
19179
41815
65853
47814
67522
88691
45489
94949
8668
90122
39671
45694
59786
97461
75277
47625
98621
46952
22406
37277
75393
22012
31258
87822
39507
44648
94766
28112
36353
29103
68091
26201
40284
78546
84510
23589
73692
61638
28443
19891
70417
48192
49999
17837
29697
56493
45553
93829
24002
93950
56195
34554
98742
65313
85339
16058
42142
11
63112
12865
78301
18161
35524
86464
90186
30101
59381
77273
56081
47837
21631
21350
83879
5664
33930
73850
5095
58746
68971
16415
12974
27263
64049
11294
1487
28652
67823
958
36532
45209
8385
91491
49011
43146
69980
64664
4424
39397
89655
98183
64084
48350
17168
30020
34834
98221
1436
27978
85266
83745
90671
55133
41492
24207
98180
19119
26498
46018
34090
97310
88394
34038
95051
50746
59351
76032
46201
52260
40075
5125
77719
31858
3931
26283
37090
37328
75847
37068
27035
32640
30580
44646
76625
48194
26056
74704
78831
42638
84610
22728
91008
2046
30227
79015
50490
69129
797
80373
1806
71850
24166
42681
26123
2399
49881
69897
4937
16077
48281
67936
43513
19681
31331
15725
99590
11634
99807
38120
7239
90018
19746
21695
41413
50082
99652
44143
34116
14837
73177
94158
57423
91277
71213
76133
40036
41298
75137
17372
93241
12481
99773
63885
31018
74129
66001
71450
90817
3504
16076
56762
12864
89868
60888
9326
59053
54350
29648
42386
70875
36449
72766
95151
11857
77137
31829
37646
83961
6094
54984
95751
83079
98575
73574
30199
55907
75379
16595
78960
66646
40514
17444
45866
16973
21843
57430
75799
11917
24295
83467
30613
25555
37234
8354
5020
93734
4346
59506
36311
25692
38231
56931
54255
46694
79675
15368
92131
39544
72779
93533
83892
37209
13963
30362
71069
48739
82488
17745
98624
30488
44911
6858
60186
25121
71115
63191
75961
53604
3212
75766
79716
52770
10738
23204
48248
44073
27624
48184
60148
60509
57566
97475
82314
90014
7183
41634
55190
73910
21282
60061
96938
75329
52491
90368
92328
69017
93329
99379
83401
65342
27979
20791
50458
90654
98755
69184
46502
89766
52732
66666
63566
86757
91216
58009
71542
88345
32402
51409
72505
45177
60979
21262
98268
98654
52672
18145
34528
7631
40
42728
35793
84360
33946
33225
19035
29861
39885
41483
58301
70128
36090
34032
59798
57541
59076
9267
17883
95487
32632
57082
19498
16065
53551
25176
75897
92643
69776
26818
43624
41430
67922
26411
88597
13238
37696
84639
93454
1995
1045
12088
2080
79868
15046
94625
97518
11633
82303
95236
21502
97410
21221
48306
74990
25570
89627
76079
82340
77026
87520
30742
31682
86371
37430
31441
75352
24156
71422
24941
74388
33924
35134
79325
6484
7132
96356
41966
20860
99900
89668
6338
65507
65752
51837
98316
87688
44431
39738
97222
73570
89776
88309
10162
38549
45514
77782
53228
95776
25230
22265
680
94227
30723
75021
86637
73085
41670
58968
18765
25636
42299
94840
84064
25678
21140
28004
50012
34876
26749
3793
90803
92855
22722
16593
83977
58146
94078
10102
46737
66223
30817
45621
16995
47213
73244
39365
19259
53279
27756
29766
72433
76712
38401
2718
38641
19139
20458
57534
65655
43119
59711
55876
79433
61703
89195
8122
7056
96847
58132
48763
66899
81898
41128
14390
54226
1577
44453
70091
82237
3198
74788
34482
91599
75534
53155
3003
16522
42597
9871
48400
87664
78212
80299
80918
16219
15957
51071
26898
90522
54783
37535
33577
20328
88597
64182
27744
13706
21000
17552
18178
39973
5629
81825
72512
81786
56089
72533
25522
1024
84121
36373
82204
63036
31743
91987
73996
12830
30758
67154
33439
77403
35446
20628
45603
8515
98899
92353
37591
99967
35376
74770
61103
71721
47937
97783
14068
89383
96430
89131
35624
91717
11907
39570