66535
56906
38372
53579
67336
59656
56396
29474
55096
5451
74550
57199
25959
83964
67544
13539
17335
24639
68439
40897
40284
64552
2745
70501
80707
4598
28760
68753
15022
72048
80883
72950
78749
83995
1150
71387
85065
77077
36506
70797
41641
12529
66048
60611
57176
41775
3894
66349
9422
1079
2372
68377
89578
1330
63488
88961
54833
86886
46853
41108
71344
78028
1858
21983
31966
52111
59247
58424
48381
10562
40315
49927
26111
23647
22817
83570
31652
37016
42808
77091
63329
97980
45929
2360
12989
93128
62492
25254
99190
518
67499
51083
11297
95303
70904
11695
72014
71353
35770
88598
94185
15461
48722
68581
3228
40007
88317
21198
22354
74539
97986
3353
57878
8481
92811
9297
11226
62492
35568
51625
13781
75820
4334
28553
47940
72054
71639
19865
17424
20589
7940
21544
87152
59152
16485
86201
72677
53248
59928
55819
707
69435
33304
73060
95632
89530
17901
27033
45125
48163
83041
49020
90769
68876
93235
61699
93085
98605
13764
12625
14602
1120
50831
48835
39287
71480
89462
78073
4542
25883
91351
7518
18974
90046
33949
19254
21907
539
70771
58532
89857
30257
91059
46357
52368
99257
25725
60140
48337
95584
75043
88971
88831
59622
97857
98043
79521
40209
76138
312
99564
47247
25181
72667
63653
35846
85527
58789
61475
51418
83874
37
53491
22330
23370
66503
54453
19687
69008
64378
50660
80835
52984
89147
51187
98289
19549
62275
93171
27919
84421
61418
42641
59565
17615
94134
94076
52425
66472
60516
45604
90472
41020
94546
25630
41330
67530
84326
74468
90283
59729
21343
30649
71370
35334
96150
50346
88856
29768
89456
47920
70406
92586
95043
3986
92235
24143
39586
72168
83225
1269
71847
95162
83451
27847
70652
10535
77133
4406
42406
46817
19320
86242
6255
58037
80425
84051
84751
16776
59340
48580
93301
36829
61930
71039
94039
33524
17180
91843
58644
42796
89195
74145
34818
39337
3526
4199
86586
21137
54431
97523
29756
46064
6690
28266
96127
48955
69683
1601
96345
33585
62659
57975
78760
73278
71023
89158
43835
66457
77813
51022
82720
87053
39795
19922
62410
43253
41342
47806
45150
24832
12444
3813
16314
57877
55774
48554
53091
13264
58238
45332
61322
97865
74577
46949
3611
8598
61384
1891
35329
7623
73673
60629
87353
31791
71909
28170
86129
5794
62486
34354
97501
50170
78871
73392
83158
22932
38944
62087
28559
10807
88604
91474
14550
94228
18792
14832
19938
61385
76043
94396
75231
45248
2317
83835
80884
22645
87413
20750
31149
60660
83139
19655
81354
94369
90598
3448
10371
74225
76762
6342
9910
65973
2306
28957
91087
26135
72319
84126
4594
40572
26602
51699
59560
72426
4052
23044
70084
79107
84055
79137
44465
4240
11383
96575
53690
93625
10523
30208
11573
47344
9187
38123
88013
91181
1445
88410
82314
8468
83527
18738
49407
47475
45755
53710
79184
92711
84050
97652
21310
25663
8638
94185
87089
57528
88457
15712
19521
94247
11275
93261
22336
29429
62220
31480
32679
99492
38071
80845
21340
65072
99414
35377
60509
16881
28528
97135
70284
80605
86364
13936
14966
3082
10816
82024
26433
52977
28363
84589
6098
82798
16683
1475
71737
52164
88331
71379
7193
48157
75085
75290
45176
93199
78496
54941
15519
40891
85854
8154
98734
58863
59781
48762
42656
94154
35536
87811
60022
89983
61201
28714
86018
71795
12013
93286
24146
39809
87859
11967
74423
65629
89403
35172
22674
29142
39960
79772
29850
82740
54169
65653
71180
34464
28417
88953
17775
42147
65153
92094
57634
839
38383
80220
9285
26169
62918
76569
34977
15728
18649
46944
56469
62344
79349
24465
39102
97127
34930
27250
48161
53249
84629
80610
29080
63990
86853
33518
28792
67352
53032
19485
32891
48843
90618
64838
51566
43397
52202
15713
80441
98550
23152
15611
4134
92257
81614
74467
46480
61287
21283
21953
61290
95493
21062
55238
5928
63188
30821
2495
2190
29198
35737
99011
564
87824
67910
14572
6002
10875
41644
81922
32078
56821
39981
84531
54527
45324
45276
38591
7036
9947
75038
13359
48326
50341
73888
63685
49199
78653
16212
61487
28230
17256
24137
63253
79681
72059
30437
60466
91205
64126
2594
46944
5300
36946
2115
95692
45651
27214
44306
54952
82295
61221
90839
48319
60524
26436
31830
10595
70882
36407
35398
99970
80020
4171
54858
46327
598
25710
19565
36605
49978
56851
71615
12991
38239
98673
86854
95946
86423
68075
49027
15204
84468
29866
17123
23797
64942
89415
40670
31363
13683
38117
87279
7069
7979
96666
2417
55245
39623
79023
83506
15152
710
82749
56662
98658
57187
74807
65003
29170
20159
85830
37956
57525
55238
37455
47669
23318
28033
68145
30474
17419
80407
65035
15588
53923
33280
79290
4529
40123
6664
33216
97575
99791
63133
7296
70205
91854
59765
38470
56517
9703
56062
62180
13866
98560
90499
14614
66082
965
9912
63847
30000
17789
77123
96877
75513
40824
45607
90831
29856
37764
29614
6599
22752
1151
32978
85890
61926
98983
1032
25411
50793
94989
61481
38536
49543
56808
59775
28357
77469
20166
65864
12716
64162
67581
86794
73007
83041
49056
50835
9820
42577
79501
24460
25734
75186
21571
34778
91940
94726
6417
93552
2227
31530
68425
9588
91959
83056
49555
4300
5247
60347
18014
42181
31301
16661
70737
91296
84917
78160
55616
8570
72709
25751
74298
43894
67011
17648
38207
21672
13101
71250
87279
30529
85848
33533
6942
33106
49268
60953
28419
80735
26823
74926
9904
59106
17270
32285
31707
38361
58179
1595
91003
34061
1135
1512
88815
78944
74080
96527
28184
20658
42974
20060
91590
39247
41656
89620
27984
33464
28324
98262
90333
97997
71811
20557
19712
75541
81986
96942
39521
24201
53117
54581
7061
39043
29150
77334
84495
40990
60291
47938
59376
75786
57310
15993
61594
55694
18389
72998
99203
34362
3018
2779
27141
19849
12341
20617
50290
73551
56718
57372
15236
6597
4007
37586
69651
24366
4949
5494
4447
27620
3343
18557
23245
33028
142
58268
46799
98675
28981
82564
47676
17803
95435
81564
99679
56839
93443
3737
30443
71815
77821
53179
17451
80831
73221
53831
30551
24130
92568
17661
66403
52519
57639
37333
31410
28757
56309
84667
47977
14161
15354
72740
66430
26560
38890
97260
36014
9531
15600
79758
65741
44399
14739
6783
54585
69741