82624
29250
21489
75338
88136
58486
28620
9170
12327
35956
36139
21750
36279
74132
67012
59308
73987
73165
72809
37810
91370
88463
90938
78135
62364
50778
42747
5539
69025
71608
32608
8739
59929
44382
22884
27733
61406
73690
84889
64748
25221
2489
49594
41760
87748
72600
80349
63798
57645
40549
13508
50440
65784
66130
26546
9008
26496
4564
86234
58102
20579
87966
30003
64980
49517
55701
83817
97730
50350
29552
11277
28770
53767
99919
21292
50602
50469
60372
63196
85258
59588
93570
91859
20857
16052
54256
57490
95521
95225
62474
60095
91619
75276
42981
88720
55496
12223
12797
66851
11589
10110
18317
19115
91465
55857
51305
29700
88423
37598
29915
5672
49083
99691
97881
63194
3451
76353
70912
6559
96187
20972
79663
49036
49117
84447
87554
50939
25555
372
28136
9815
83122
25713
21924
70839
1269
7718
42781
69160
84747
44435
99074
79042
16414
7367
80318
29372
9313
17283
18707
68924
19061
63356
84695
19398
62488
69695
80424
31606
11082
43471
58892
44457
94813
50859
41705
19381
15129
27371
11806
57274
20842
90248
58428
91952
96967
66011
16965
25535
68863
50365
1375
13869
37793
92590
40661
28721
26824
88114
74571
87431
53377
15797
23803
1213
51931
99151
46417
60522
45034
40579
78559
80222
48024
9633
12382
58581
69961
2700
8930
12933
38377
68501
60408
55926
80500
91814
62494
24017
67009
1595
55679
70609
3532
5674
18923
9206
20639
69219
25711
38137
42588
40563
20789
15930
43338
49699
53915
89749
38617
23453
93320
70611
46963
62286
42769
98876
20033
22215
71911
94474
49080
90173
66938
43704
98622
97457
31918
66010
39101
85802
45592
29703
79810
92094
59093
47984
37522
69616
18599
48788
3435
79283
74637
60460
16370
86732
86782
78082
55294
21685
90306
63807
98303
51230
33069
77377
65964
93583
18777
98859
28937
29448
78494
50102
689
45705
96337
90118
16838
93165
39575
28471
70930
59569
7716
7478
39480
38451
88148
63116
44892
82613
38468
33269
80268
11905
88942
43855
60778
29191
2976
83054
63319
94753
47928
19340
3549
12631
73182
34142
60697
63646
94366
94593
84931
16220
70272
53395
49883
48647
69670
7775
79026
14155
56001
35376
5042
11018
58352
42310
15563
26813
31383
17222
19067
73689
33272
15852
92281
49869
43152
43036
89631
55560
89136
32375
20369
98807
83222
9160
31886
23052
47464
76733
56530
14458
9325
36403
77989
74077
37384
5515
43012
45526
52625
70233
50794
49236
74674
91835
58394
89615
29211
198
12588
82989
20322
59515
70706
55079
38843
13497
72549
93894
66287
86892
65553
29255
39516
15012
22713
59678
56873
69216
65097
68278
6916
5097
50934
95862
83386
77947
35700
11519
99891
18302
19156
52179
84391
25715
79607
89616
27649
41258
84980
69753
31342
23472
36706
71349
13186
42469
1603
84529
22408
22796
93805
1920
16323
5339
46293
94083
21381
80850
47450
93924
61515
91753
89356
27164
52404
29794
66263
40693
56765
34206
61072
50281
94746
89035
48890
89993
80498
69819
92149
67034
96952
24528
9125
97177
90273
12947
82362
15391
37351
84580
95297
89664
69977
74155
28230
54061
43644
39629
96836
62458
81475
63354
42667
84090
52934
78211
91245
86694
36226
67594
75333
444
42765
47186
68548
66852
62324
68788
27801
72206
4691
32179
75293
64503
73072
95592
5432
83947
43924
93207
78483
45444
28263
82914
89467
62576
82375
99804
61422
82801
86052
72469
16262
9982
44316
39188
30175
71142
9454
13668
46567
40084
13981
43877
48289
62031
25219
43299
50421
36153
41199
8164
54232
40503
18460
81210
81715
87727
86224
91896
3634
11501
54286
37410
54988
92353
33880
95965
94762
19426
55460
91845
93974
24822
2041
79037
8450
29289
81799
63905
34417
27450
40449
85016
2182
19190
12312
39557
70567
92220
81173
18941
48429
32671
40210
54163
54987
53706
3797
34286
90297
6461
67562
732
96764
52758
88317
54784
4275
1579
80337
10822
62688
43540
10335
18872
82738
74053
53646
6345
12299
2681
42411
10894
10483
4842
37861
44652
81944
29981
84936
74925
10111
14107
93716
22925
20620
42457
25818
22864
23145
66233
5075
64150
66167
5353
43708
57670
12175
4426
22385
42600
17491
37003
90661
687
88119
61779
35259
61203
54661
40286
46405
79229
62705
14751
5718
24539
74521
79459
12230
37779
81208
1910
36514
30325
21641
81439
68141
48777
80466
42118
67543
35591
404
59286
70039
71045
717
97118
77064
4715
58984
71729
61470
26722
36738
54733
15716
66699
20794
39705
1108
50445
23956
47815
49746
28742
54921
95161
15589
52226
44495
60736
64402
83913
10625
39903
694
48691
66219
20910
24928
49783
52084
97274
92842
77441
99751
59594
53234
66977
65376
50621
85817
72992
34032
28303
15991
27310
21645
74202
13144
89495
20249
45017
5015
99668
63021
4008
40502
58845
30979
73287
61143
38716
46109
8702
31578
80957
42868
33786
77236
43169
44992
82644
34504
7474
66081
43891
52932
95793
54696
16904
65627
9867
79334
7320
43706
63882
68206
34230
70601
61703
70537
59086
95649
17086
63959
66239
644
66362
6396
16800
34237
19599
39823
80291
50645
7334
21530
84950
29199
91731
72910
46182
41025
26914
44455
66014
43183
35504
79544
14638
39046
12726
81106
76071
94321
70880
43606
96002
81276
77052
91669
64576
515
52238
83071
54476
15445
73856
50416
58973
13867
631
56404
65816
31423
52449
27603
20082
77546
79050
36893
43346
30174
55853
5490
11285
28861
54247
79950
4107
3988
8488
64464
56511
6840
81763
83462
99925
55803
32549
44087
91467
51179
21314
66828
55266
424
6251
45180
52918
64831
27579
79730
2760
8455
9713
15133
98301
17143
18840
80628
54943
46051
54273
79268
62337
43537
56370
55319
73824
10492
44504
20355
58661
11108
91064
16012
81320
40656
33956
75831
15982
11170
49865
38764
83986
2517
84868
46726
93538
81397
2932
28539
2592
42650
36971
31587
12585
13475
47935
48998
30387
74731
34173
34119
75599
65131
55933
30471
99213
83180
20848
17239
39775
66246
85590
47870
34294
49178
92172
9410
78889
98729
2018
56439
97108
53583
51019
92737
34588
89280
37933
88904
69488
6493
81049
96791
16044
7026
78965
66193
37879
49679
30164
63601
26540
4833
68391
85468
91446
44973
85932
30181
50709
4072
33765
95548
15005
45526
53892
92820
55581
10941
31298
26319
90269
62149
13295
86601
6016
95118
30051
99166
7369
72910
19059
33017
86650
23397
80447
67034
92024
4831
12649
4482
18763
32646
69984
19870
99201
97122
3962
53454
54993
91406
40032
18065
7869
28439
16227
2287
79952
92371
95468
19010
74055
63708
31921
68386
89421
59016
580
34348
32031
46502
10917
32174
40590
65783
10136
97233
1154
99527
64849
48580
53019
11622
25580
69025
9715
14600
8153
74974
12384
9685
32564
96466
39765
26125
83923
68097
92200
76188
96472
16006
70670
34966
51494
44220
67715
69103
21841
3338
87174
67193
3630
35145
77312
72635
47433
2387
7653
9995
31062
54249
12243
97992
735
21280
57879
17238
92987
59402
31056
25014
43104
95357
875
79617
44880
82050
74445
62978
8462
7932
61391
7629
39188
59026
2435
89952
3197
40923
96918
67316
92317
21605
41742
94496
82832
32194
2418
28042
49168
66992
26216
67274
56384
71715
30297
62526
54469
16690
84049
70884
9109
9530
36547
19639
69959
19
51081
59432
38410
34221
60009
51288
19314
45382
65172
81232
15564
97195
23144
87006
48787
40616
65461
22924
49211
59822
45404
3102
79115
35040
10226
50984
58408
7674
39685
17834
84524
73823
98870
14505
2549
82493
77412
96587
87161
41055
87689
99662
65047
5999
4606
52005
86122
79782
33082
2736
19095
31633
18743
35607
57605
53345
95957
3716
62348
38192
12824
81850
66053
73099
77389
40437
38306
84320
85098
31263
37303
29637
76851
95820
5685
78210
43896
45043
38776
97373
2331
94058
11030
128
3088
23069
73367
77673
67646
13546
52132
84366
34082
21148
97849
83754
93394
79937
51636
84745
86047
9386
85519
99532
21299
19616
15274
65465
50586
4285
79777
84130
89790
65422
77341
7088
14026
84035
1222
60780
52048
66735
3158
47337
99174
60739
64617
54770
17322
26626
47792
14604
43143
58240
42885
62727
23152
20092
87897
38438
12553
31703
99721
44744
22276
42511
94544
7603
50377
39389
68821
38685
28623
68680
79172
41462
74311
40611
67419
10549
18777
46314
13531
11965
78918
52980
5982
18219
94827
64021
95751
33247
36807
74387
39285
31045
276
17443
46354
71135
55889
6592
94728
61745
24544
57383
96275
87272
76779
58097
87186
2343
71330
33326
3670
208
83711
5850
7229
77068
38635
1407
88888
66359
88921
83239
80840
17867
73904
31292
29128
83079
49574
95743
41188
23675
28775
12737
59271
23731
6773
20161
12850
65725
38890
63810
872
17401
69048
13671
56486
74557
81746
99598
56464
57954
54627
90855
99495
25070
62556
55344
56150
10047
80972
18478
90700
52368
17991
61930
52452
21867
77993
54981
30623
51723
13140
65849
32596
51373
96724
89070
91837
47763
26628
77142
27795
74740
3786
97606
44308
13059
9117
63825
35296
49307
37703
35170
41060
98660
16037
84438
84493
83108
13963
69939
14366
98597
34436
70217
79517
42430
31095
17284
50567
12801
5926
75435
34916
15809
9232
62456
56917
44574
88534
3476
29194
62063
61595
47662
73264
34058
48868
43960
22375
20755
92159
83359
44402
8094
10944
94277
21000
75426
21798
76572
36743
11261
21980
9985
65896
14174
66107
1970
89517
50803
22028
89197
21463
1583
49804
26535
86933
82903
33033
1702
79414
29930
90345
84412
9183
64235
92297
57472
75801
39468
58723
53386
8993
21721
88905
75819
26819
68766
66061
41223
11201
14709
11075
45584
98156
96240
99102
5920
41302
96191
94231
25779
25022
4191
76941
3262
84458
56576
3142
46320
59699
42384
90131
39395
63002
71273
75665
67103
63704
73876
41132
93036
95412
9625
75134
25489
37165
76453
65973
60014
98327
8885
84819
32914
15875
24261
5487
9370
97174
95056
67672
60039
89307
29315
29370
84890
68789
34146
53593
36431
76749
77174
27898
21812
28458
2226
96578
58116
59998
40193
55413
12548
38652
22543
80448
71544
48808
44368
55027
99907
99591
96624
10406
56634
71990
86871
92028
88772
68118
75608
43013
64560
90724
87991
83069
15571
51975
47254
47346
72253
95299
27802
9187
15382
12394
55070
12131
75578
530
1652
3517
85518
79074
96147
97010
63261
5477
33186
54397
61268
61281
66623
98904
4407
23362
46892
88535
80958
89968
95670
77522
34575
959
51716
20897
5337
44548
83097
73663
74026
56357
86693
50929
782
41609
29102
53248
36100
49135
15543
27906
52159
21307
47562
93782
70070
38827
10919
22318
26312
11687
76329
67399
77552
99863
88337
34164
50272
9807
49586
84601
20349
62245
22648
40787
75543
18434
56789
36565
84515
35735
88233
67437
6455
44711
75246
92453
81890
50114
51070
53573
18661
46387
76609
55925
27954
25167
39286
53152
38815
80237
15005
59413
63207
76533
40095
96807
32830
44497
45083
56852
12014
73120
18127
83043
83699
66153
4574
40326
7471
41133
65443
70783
63370
30133
11027
3711
6730
26378
20200
67018
75691
73188
59280
15830
85980
99706
40368
94449
63990
74488
36662
82562
5145
4623
19514
16360
55652
40454
86192
88896
58737
86766
53676
83074
21227
59219
58002
61354
64077
5102
22682
21300
87992
22999
39869
58560
36752
51032
7422
43798
30419
41789
7575
59523
88248
57480
33023
71361
82080
41345
31445
24084
66715
43562
92588
20113
19259
57392
50003
74201
18573
91453
50976
52291
53401
20235
86168
98424
10710
43347
24541
9240
9802
53091
4725
51578
93438
48110
33811
9808
50459
74750
95268
29865
48835
69220
87576
23376
27918
96848
29962
61617
62335
19324
48142
2940
55714
56482
68279
16034
8548
84591
86754
75068
50703
73103
14850
59340
29153
95527
168
17403
10120
8801
57167
52865
33820
32834
8866
70594
84824
20472
64843
10678
92247
75023
66136
1729
45959
54914
81964
93601
27149
93839
5503
29639
38965
32355
65363
60764
80275
58901
80596
1924
19387
5807
22027
20480
64633
1094
54464
89677
68526
83243
56297
80842
38024
77465
88915
2968
32701
73711
93515
91290
46404
66104
23498
93563
7056
57797
89403
97134
43305
44893
17514
92881
70793
16235
35371
59979
59024
66197
14308
87572
82340
42061
92120
8596
96232
31744
19569
13955
23224
75115
84457
24400
95486
44078
38165
21181
87925
90009
22735
29928
54744
42915
54974
78820
12933
41945
51140
38405
95283
51603
77476
72379
73741
19458
62094
84694
32202
48838
34952
8712
97674
87484
54266
3336
98896
11605
37174
9586
26263
43329
34051
77675
58290
64746
19365
73187
1347
81566
97578
17939
93975
23011
56947
39462
82077
11951
80029
67860
38849
4112
2443
50601
68682
82021
8466
23461
54796
73968
22432
29980
70762
34371
16042
89117
97964
24663
84113
3376
76856
92284
79280
1241
4752
11787
8357
30681
69000
57815
39385
54739
57731
12897
86222
34220
2857
75211
86500
99500
89351
27204
33576
3073
72835
88034
79065
96354
48154
93102
91032
64817
74807
66489
59116
23066
70898
10893
49966
61400
44516
98558
38616
84407
95362
42975
28261
65108
29661
13233
7685
2656
28885
65173
74400
27619
15381
59075
40164
22526
55119
25427
37421
59881
61781
26713
96431
68346
2737
83278
7427
87911
26690
48873
25612
84675
67188
13324
51525
49924
97690
63834
77065
7686
82634
92007
55134
3944
31669
360
96446
67603
31777
76810
88996
54651
19557
68126
45008
83710
12417
75474
61655
20618
29688
45818
60938
32828
18571
62477
25312
84194
49139
26669
89219
8097
88602
37726
88596
77906
37910
81271
8284
83304
78403
79638
89393
71469
21948
35694
41889
15466
35542
92700
7037
50597
52761
71896
67461
29221
42620
50310
81740
52401
74396
49195
91976
77782
57432
13821
2200
61607
6892
98068
54290
42463
9448
88797
97384
79202
44429
16172
39606
28449
52547
81073
58027
85436
62970
24644
15122
48834
5851
84155
14492
62133
37641
75514
17259
80648
13978
22953
85597
25482
4364
38177
12467
46588
71686
54880
37021
55774
15692
97469
78341
45672
29630
54965
67956
80212
29806
74596
24804
40281
72572
58223
26820
19505
31631
39133
37249
28572
63922
4838
90647
34430
80937
3748
42068
62468
68463
67174
89957
97476
51054
59204
87008
21666
73881
62284
65421
99759
53545
89883
74641
86411
2515
68295
10872
40523
50658
17593
20382
54646
82006
74616
14203
37097
30520
1696
95401
47899
58936
40914
88115
16890
62374
97925
87803
71220
58922
13146
50056
19474
61856
80013
9067
59551
81779
7015
29100
87366
12821
32912
29014
30969
19640
9986
49563
50126
20620
96793
13989
86340
28822
90663
61115
3939
33481
34468
15212
78977
82979
46466
89531
95777
51078
89950
17606
60342
76082
83507
8757
24262
16828
97544
2460
74697
21549
83658
40877
46513
1754
63956
36445
79875
5307
13386
36881
75555
2922
54086
54821
49966
62873
27241
26872
22273
26576
98899
79928
45559
17314
56302
87525
63695
95276
4261
63461
43916
92617
59026
86084
20693
59797
18036
7045
18397
57948
59519
62409
74014
32349
12366
29306
73694
25856
47155
38069
41108
56945
81967
49810
43299
12409
94365
74130
99493
6232
65321
59076
54467
41056
98463
44691
90432
96497
95645
63312
37910
60077
81034
94071
68344
96695
59456
4225
10934
39244
4932
5
5439
10942
13015
7275
73505
20105
13060
9135
97548
68468
73562
10542
90388
6374
36724
8561
44629
83747
28948
26195
58833
72673
80078
42672
53461
59979
77248
91915
95962
70609
77440
77852
27911
55434
64973
78549
68435
48135
23751
57072
87880
85941
187
46615
17059
43535
30487
97647
76984
66142
6076
49121
75059
52270
89328
20742
21561
23854
34867
75215
28781
20355
99466
2671
53198
5257
29335
9733
38717
85608
27530
82409
34461
99566
98128
27634
53363
13935
25834
33218
63693
84470
7161
4239
43135
97671
18324
9999
13000
45427
93596
60095
48211
64726
52487
68464
10905
99504
87832
42895
33700
74046
16912
24143
69903
28244
71038
89556
62921
77850
16338
85087
12536
16672
92399
29425
73146
24479
78686
16574
57670
58638
95519
68240
76721
24029
80347
90517
94413
64306
86933
76678
81964
60798
43678
86932
26146
86234
69864
9521
8104
11939
70034
98201
55997
54191
65731
77883
99591
58316
28146
79111
93975
1396
30529
40310
15307
92238
44745
61169
87372
51107
26161
31231
95320
43931
9144
96270
13658
8021
67634
58685
35701
95520
97936
93251
30240
79448
92439
42976
72203
72192
60755
62751
11007
95320
10949
28196
26468
71675
58583
87000
48860
59544
3952
63053
32844
46667
53282
90320
62043
47640
31009
27531
43603
89187
40494
79347
34597
31534
90482
5781
45001
79056
30374
75160
55747
78415
86159
32559
99936
5562
93703
5214
46175
74181
44630
35109
48525
52481
17216
55662
92809
36439
86391
20207
46439
78433
77361
6109
40432
18310
75733
23277
67046
33904
53039
17512
59685
96012
99427
63946
6500
13757
64606
48727
62651
98428
77256
20507
27871
2449
4565
17948
4489
839
29978
55935
20341
47983
91581
29715
66053
4147
99206
4670
20485
38228
13682
90210
46826
38979
19334
45419
50932
26361
53856
74103
4051
51380
17608
92259
95557
35022
65222
9166
38973
83803
70734
4845
66783
35583
71542
51083
84648
74889
36296
13881
94891
90512
13362
84505
64886
76681
60571
7939
63955
89698
48048
52659
29034
83838
34749
66736
28388
73581
79863
8057
60202
95495
95285
67373
33548
47334
1951
35287
94493
13053
20831
90997
43484
55416
73685
61572
10446
53553
83110
96457
42374
50028
62644
11838
29158
51600
84232
98615
35519
38179
15948
4304
15957
53184
4117
49717
76766
39896
57982
68525
44201
17538
43728
85412
90107
62656
98077
17460
79188
45840
27916
28495
79184
78827
97486
19628
98346
77118
78735
76683
47771
56002
31624
88710
24576
13850
65905
35671
78201
45992
72085
47264
67406
80749
81982
91579
85388
71740
72014
86462
11981
83833
14671
3690
90902
90259
79299
19249
70138
70298
41685
9505
55963
61439
73136
32561
83152
79688
43150
7367
34434
66796
5864
86692
70609
79409
10509
92685
13652
51935
56590
95767
27678
32384
77942
45709
2171
2103
16630
59713
26169
15675
31006
8173
76580
13102
83656
42021
29578
47262
7023
56731
21405
5719
90845
46893
34231
22786
58785
77999
16311
62687
17247
42161
39177
20570
45218
95118
94884
23469
61901
91120
88781
40722
27631
77154
80921
84099
54676
54548
27952
29552
1496
31365
79917
5564
61718
29264
83170
30965
50335
49909
66008
63726
47751
3682
23508
31514
57177
52862
94453
47591
84010
88531
72281
32309
81547
18581
51583
32786
41656
22931
93384
21651
49517
40345
9207
92497
72952
1343
83159
84989
21610
2738
6300
9281
31207
91549
20449
6773
95230
56468
26256
26139
80754
9756
29025
65112
86134
93690
22554
50543
53047
12407
52724
55707
41171
92557
14174
23368
40583
15792
43099
59887
72774
95035
42086
39276
25254
49622
23542
25342
65749
57794
21820
30363
87337
96193
57929
81933
10036
83237
24621
20845
21814
81619
62938
48570
63884
25746
29863
37974
69255
37654
45072
13214
97880
73508
62875
70980
71719
46978
81397
68298
44418
66205
95163
93756
4562
58517
75093
459
42858
19529
36412
39010
83033
45850
16348
56935
81919
55551
46773
51151
86203
63877
9275
19998
14243
25025
35038
71291
95853
68947
38564
21580
9962
95192
54417
8850
26899
5420
8489
88259
94619
35674
36972
63360
66692
73155
87168
92467
6957
96998
64365
82504
11433
5841
39457
65092
38507
14853
6772
29478
9917
99391
90469
13464
3408
3336
49027
36337
4686
73563
62313
15179
63755
84558
14913
54109
49402
79103
95721
91604
34332
38684
96338
56787
85779
27663
35973
163
9076
51076
16640
75960
62939
17785
10622
12195
44024
77089
35861
72109
89864
16916
16089
92215
22399
11511
80990
47435
17536
89027
66778
47230
88591
40373
87753
27460
31389
96561
22058
72560
24419
18900
84007
54375
23755
5781
6354
52640
89031
22358
62666
73786
15844
15565
44381
16698
86553
92937
775
70111
89274
29700
20057
95012
67402
97732
98389
38193
73869
9133
72310
67870
11387
75719
66572
35910
93872
68583
32356
57699
80800
63324
90567
96108
11848
74713
91385
91400
23680
14170
99937
49069
53740
24980
5769
61626
76562
17918
97947
38349
13189
44150
3435
77186
91168
97841
50740
39752
69967
80259
81818
74273
56071
35591
30127
20407
438
28683
95057
82646
6805
31516
22320
16233
79738
86313
23277
83988
32521
76758
47614
38315
54379
40320
83567
78062
91607
22568
60034
12163
21740
45757
68055
69390
75361
19274
85639
56462
94931
2426
18953
32215
26174
67875
42391
75591
25223
21654
82923
39431
37782
50305
24291
69761
37921
86111
54789
52761
42690
74622
10811
93417
35755
86858
69279
89948
98032
99130
78386
91271
32835
39639
66309
30271
14718
49157
48731
29051
3800
43023
69190
32423
23802
33651
80238
98305
46283
50887
25168
74900
168
55239
22499
28911
87215
28477
61974
33570
61210
46379
45429
59252
58218
61367
67242
54659
61881
5076
83775
15481
99121
39657
12450
24935
1371
48576
47266
12193
28399
42573
70230
64213
68682
30072
56893
15305
99742
56074
50112
34001
86115
16880
17363
43018
21867
89327
50074
89462
24915
25220
83528
10420
69014
51670
80291
3227
76604
1979
25412
45139
47439
92163
40410
93360
71278
32581
42797
27308
14842
60837
52160
88447
41069
30750
71601
11933
48619
79569
34842
93581
14065
81386
75417
4386
99402
74732
75533
77592
92641
87865
83447
7884
83024
32063
96192
64728
16535
49890
68089
44906
12904
70434
82044
84991
95454
53865
13682
40289
71534
24659
27279
13979
22390
56122
78007
23605
80659
97950
21124
47441
53326
38221
43871
53920
71190
64788
43563
51873
46665
53058
53346
59351
64011
49301
87895
4646
48569
97284
17755
97866
84184
98888
18619
83541
82311
86600
56966
82179
31859
9247
53612
83002
70696
99212
45153
72163
15141
11030
51873
98368
83240
80890
76558
48777
97577
71923
35701
56199
34979
14788
64271
87404
27084
72005
20483
29005
81254
47399
82889
58430
67598
62886
34313
8840
65522
92746
6689
11913
86592
15386
55653
79400
86585
49918
32225
32563
98020
61870
67098
20279
15455
69277
49427
36219
88464
64092
52748
32698
87673
83212
29028
2683
78122
18244
52703
67502
53297
83226
52770
85702
94124
80498
35067
20781
29151
52513
21406
9801
4801
5724
34762
75273
50065
64578
61003
2027
61190
87202
68376
67854
54403
62219
70876
69230
15529
22510
33042
68641
36103
66162
24809
20781
78605
56980
65863
15300
68094
44696
94410
78398
40388
16400
62889
65169
5917
29768
76890
49263
42963
11788
429
71389
46857
63031
76597
14315
48017
13689
96742
52852
79930
27363
67033
72148
8327
16466
98893
43649
95355
91254
91720
38279
38800
53118
50684
83844
26920
67010
58948
74205
45498
87181
38477
10395
66798
35141
46482
49126
51012
85751
62559
73692
63277
22116
35031
35149
48381
58434
41841
12822
88825
51504
35677
56985
71275
58075
19173
52213
9268
4742
91566
15047
12385
66745
85694
49597
950
72808
30679
11635
99046
6814
6305
94412
45797
28711
94118
66798
49877
36631
17687
97210
24668
2234
22284
53958
5207
697
33737
75353
69767
61542
30012
12675
11338
7204
57922
45238
46949
29749
59465
75205
47357
34049
83536
37464
89989
1824
73259
92201
13393
37509
63747
13502
23433
21416
80122
98179
9273
87662
19020
10723
85285
886
40657
7331
38906
56290
94239
43707
98720
14560
51788
25106
61387
28789
19313
44949
72113
2149
59754
19699
52150
5313
70969
49240
55426
39917
27499
55300
77364
96844
84146
1896
63409
45643
89362
47612
79445
27144
17047
68223
27433
45181
72835
8268
86965
19308
91750
79254
93325
93160
16774
57472
65895
26717
96510
25180
34605
55870
49538
66365
96814
95273
22080
3258
78575
81561
36194
8322
60190
32104
61520
14039
50823
47615
66099
30825
84735
67579
29812
50992
81918
61310
72483
87908
14506
7407
34804
43996
17006
98798
55267
43330
2729
46424
23064
21168
92227
75220
76422
521
62490
1368
27533
82646
69147
64635
36351
63483
7149
61687
26912
83349
12135
56186
50246
94387
16769
75498
12864
5518
89575
7346
54643
26983
25674
50574
23839
15259
89393
93551
89729
90437
10894
26443
99058
18832
87627
61572
23468
80215
70530
14099
30380
7516
79500
19505
72306
96769
83473
78786
74886
77478
30846
75006
80982
98143
78293
60029
56474
96081
62814
72415
37592
28810
36635
75893
514
25114
54586
87375
94461
1009
53347
87491
50525
10871
61905
50422
33485
21058
93918
39659
74730
30903
94710
87430
20751
320
47854
92827
18507
50182
15373
3095
14158
19915
66152
97514
91651
62663
87948
3824
59063
53470
26036
24539
43672
14362
84379
77919
19416
59529
2955
89369
77841
96437
82388
33405
1346
46460
64216
55898
55288
14349
28323
51500
32712
37502
85880
61982
11960
74892
33798
17178
68925
22127
52313
54319
80191
69945
4205
318
91033
19756
95230
41729
65373
38133
37498
40119
37172
39049
73720
46576
99
8122
78626
97170
47401
29462
17614
78470
49157
35900
78699
45282
93204
14715
91222
55508
73944
54505
17963
84711
1012
94909
68057
64405
53427
64522
96622
11018
19241
94425
35666
50992
91890
48162
54800
33916
43254
16582
31791
62421
6254
68747
45023
21692
8576
18037
21614
45244
25637
51134
68794
31632
72684
86482
77857
36811
27064
37033
79316
59016
26596
40193
10250
69870
83495
6424
42001
77695
30642
65571
75103
80958
27287
39534
40038
49723
67523
70801
65478
4669
13132
92299
63005
15979
61862
21245
84409
9366
91310
19461
84558
40422
15850
20629
36387
88383
80296
15600
36423
50575
20610
92641
68737
99511
3395
37656
53413
11764
62820
24162
68290
3082
46607
55780
32184
78732
17605
14963
3943
80170
20603
41139
6530
86103
67134
11657
50051
77173
14647
18367
96248
39232
41130
52053
2715
69588
4856
48222
61311
12155
70277
53822
76326
36759
34196
26269
59375
93032
20238
34120
14765
73051
88737
48325
27891
13232
40869
36273
23308
19206
70874
47545
70951
80485
1517
91697
86383
3303
77113
12531
77016
24388
56874
10775
23829
17336
32606
24203
65223
13747
73028
53456
37136
34910
2918
5778
14150
36165
21762
95201
33187
65893
47923
66416
34456
35826
77648
60938
76770
56357
30058
76940
22613
88226
30681
21730
15252
13218
55376
31074
5347
86945
3820
75039
96500
81605
47244
51947
83645
10729
93754
65293
61931
39174
15976
90906
65840
78525
14518
67251
46743
30467
38480
68155
18264
45737
7091
62772
17351
65703
51664
3989
67943
42853
51145
48809
30140
48678
79353
86118
31454
55633
51248
58441
63562
60989
16380
70027
62802
35128
84195
36066
31028
33300
88589
2199
41608
9007
51454
48095
97298
96509
8065
50232
76952
12244
11232
99938
11790
74260
42159
45655
43373
60113
23049
33768
78178
45054
20947
17366
4578
6840
90044
35754
46619
8812
70310
72625
33670
68646
54366
61176
19705
8247
20966
72831
11801
79137
71381
94141
81292
68579
23092
80593
98412
19644
34473
39520
61624
50621
50928
31663
33156
27056
62821
22174
72817
92383
9983
37823
13272
15746
30518
31827
73311
54281
26533
96256
71086
73282
20587
73328
14235
64711
63019
16456
12321
23303
31219
6339
13839
96655
53465
3019
63805
18901
37633
48372
38362
34465
87196
38517
54305
55576
37643
88387
23881
88967
32033
28524
14459
64360
26406
14733
11103
76052
87
32657
65839
34597
25067
17414
87981
23527
74193
75485
48496
52443
37237
12062
53722
67270
24737
30694
421
51068
17120
10526
29467
19973
41278
68857
1285
97866
92843
78633
91803
84095
90302
47359
45050
76780
34038
33789
34708
64185
52732
77050
52290
34613
50660
66385
83188
89027
28083
46854
80968
7106
36442
51511
14585
55448
12224
20922
56559
14458
66238
41177
78900
45498
66787
65094
80935
9742
95320
63836
88873
11897
12446
40597
853
86232
40179
35746
43885
93163
14356
27402
95151
2845
57116
13921
8646
73394
59627
64196
15357
27341
89474
86863
17038
84187
59434
65435
66425
27743
72660
33175
62448
32059
95099
92258
37167
31607
58086
60323
79177
45874
90825
74693
81085
64834
84299
94834
74120
16713
40803
85642
65620
85014
87835
35200
33901
35445
34999
89009
60084
66965
34639
53474
77965
54227
14935
79798
34899
58888
88031
82153
93580
8620
59351
30059
36727
2629
60107
796
68129
26800
908
67616
98390
57450
66702
76064
68181
89500
81230
44445
63517
66593
63884
57105
40899
39030
14262
84740
90150
27581
69125
57992
41945
61837
50240
59025
91103
70745
55006
99572
42838
71995
86858
99611
90985
7645
79263
22883
73673
5348
27794
49138
85399
88794
51631
94200
89048
12726
22108
43713
64202
30474
73530
11859
16630
38985
14761
53835
47547
44051
35595
21550
93738
96350
2529
19183
15857
70243
85937
74524
72143
56770
13129
90949
99366
59506
39582
17578
26126
72873
41421
68000
24773
33541
68706
1792
5285
8981
83543
33483
38862
64774
99636
3582
66851
45006
83541
21998
80497
80943
67465
78657
69736
66824
69846
5481
68398
19070
81690
9949
1545
12578
61357
5013
72859
21183
49506
6146
61099
56387
32684
89991
25565
57672
67357
46008
13827
46365
13322
84718
93036
33109
47946
54757
83803
21708
21469
90642
14004
59090
53258
48035
27247
1397
81760
67157
15246
6895
36670
58700
78251
91753
81166
1363
36875
49514
74603
77520
51247
68993
40516
58883
44425
81387
69657
49403
51499
91329
34210
71381
70138
52769
96303
12754
67746
99287
91658
17075
40868
76295
14361
3316
65355
74170
12319
39842
5724
87555
75074
51450
22538
86253
90503
61280
14409
56163
79705
69464
68923
63835
61833
68997
29095
87840
44944
83484
38311
59898
47375
54884
91872
48412
50455
64684
20333
2346
79429
79560
30164
64197
38757
84490
47738
13781
9079
31545
43154
28818
33871
47569
73680
68622
60022
69686
24956
94850
3407
62038
27298
19764
37364
45435
73127
71234
70334
38633
88822
12237
66210
68666
10552
56997
14169
92243
37505
72941
18489
6371
95847
33099
94047
69112
94446
13294
64910
95773
7135
25212
73232
64372
71895
23991
77467
78380
70907
48076
80719
62047
40362
30616
47772
97067
98666
74870
3137
48971
16996
29001
71023
95537
58348
6467
13932
98850
58425
74512
4627
29006
35123
75554
47576
92938
12746
56089
94793
37452
13794
52943
99856
40706
77164
16957
75638
48784
53425
19630
79266
62404
44807
16926
98622
36184
42182
38510
49146
14307
18644
73863
25962
87484
97916
31016
71050
25836
98206
4301
92962
86190
55328
38334
68549
52966
29857
61266
45011
80732
45006
4670
39071
74644
25422
29311
61930
52682
71512
19199
70062
95375
37252
20198
37687
99931
52767
51073
52203
52014
71256
30184
38667
93703
759
52174
32945
45951
65677
86570
51513
88003
96391
85213
78557
57997
16732
40991
91576
94750
61222
79755
68236
67898
21357
4291
99806
70079
23199
8897
21407
59747
36860
44764
60422
78762
57453
81779
44665
42177
36468
74649
32043
44634
56959
67709
69759
87844
47414
79444
83626
79270
78868
18886
51095
1559
67699
10898
51492
56637
49056
58782
28809
51041
61037
13983
37817
28523
23717
1281
81728
85856
4538
47379
78765
47220
97146
77971
95434
12333
98560
29969
32550
28598
79495
34211
75507
98236
88794
66789
13867
6889
14054
87914
34862
45786
37809
42787
21190
97215
41539
811
1291
85167
41026
85773
69923
1318
69757
73874
67361
80860
89502
21259
87534
61634
42562
90007
36901
98172
2629
55249
80536
73174
72534
45274
59153
26308
33130
90398
54386
85114
332
2790
66014
10564
20370
71929
20944
77987
90443
36911
37385
69381
17204
80340
64552
97727
47146
75669
86577
64042
83705
99243
21328
68536
88307
9601
52630
71665
49533
73027
29826
79246
88227
23493
83996
21745
36332
70573
90746
27583
52136
20894
39237
97211
65253
33314
61654
82529
81953
49555
13370
62715
79514
47526
70005
85123
58241
12468
64610
17878
461
56262
64889
70609
78028
39965
73289
50667
65077
64316
39140
98287
9592
66930
41338
42548
28054
24520
97310
73851
46445
55299
73637
24900
4716
23766
57900
20940
11461
53255
82233
38727
72608
63836
92378
22423
95308
69506
5386
31463
64272
63098
21202
81062
79648
6368
48620
65827
44875
16089
21154
65825
33937
7161
3829
38967
98866
18863
35290
20295
11522
52877
79166
87064
79704
59703
21355
27475
2918
87207
7875
49911
21122
34651
36520
88281
11587
30012
62494
29915
28968
73227
80488
60487
5810
67978
95855
86185
65617
91557
18561
18823
83260
46587
24182
40349
4314
97453
62990
67449
83998
39713
62423
59952
36432
39955
11626
9723
26053
79897
91732
95442
6544
11634
71762
55650
16882
57770
38678
61070
55341
12236
25127
71392
77207
21189
27909
72106
34858
75729
28681
12286
10584
78788
10986
34214
57596
93495
55548
73312
54891
72748
54195
98490
34473
30656
37126
83974
97303
91437
39055
49498
47466
67865
21550
35527
7736
126
34989
27603
84972
11927
56703
35989
90585
76643
59233
65229
29386
8377
83138
77565
47639
96937
62175
50600
60533
94123
74887
33734
67365
30758
26749
44769
57996
24574
21052
68527
12418
78651
56309
61932
60931
36371
96659
8946
4132
61075
51712
2552
60960
35439
60576
30661
50032
90179
16827
6672
31576
78661
64217
69846
10718
12650
71589
66710
34166
18673
96116
98348
36057
25104
26495
11240
64244
24889
4235
37514
14525
79528
31658
36797
96192
18028
410
63117
30903
76271
51628
69638
7768
84164
85535
40363
13224
44556
50411
87919
35917
5317
75065
91827
15810
57424
68783
44605
69347
48093
44682
31057
21384
52149
3364
56046
98351
59012
46069
28840
46514
29729
84917
81278
26615
50107
22431
10264
60198
57858
9490
81278
90037
86543
2801
11127
12991
76976
37994
34589
74836
28244
57556
32601
70154
21071
11889
49185
87153
38059
9683
28843
69636
99468
72411
17100
5786
62942
26556
19089
50236
95709
62398
54489
33010
76833
18207
20365
42199
59364
67092
22909
78859
12817
61005
44249
3814
3146
27222
79720
57449
39254
93721
25225
41585
96869
17857
98179
95717
54882
62170
98571
98255
58900
30516
75058
39112
2768
79366
45864
12523
66079
44688
70193
75211
53768
35544
32546
23776
6201
94838
90169
3133
61687
2411
94166
38077
40992
50956
76249
3708
93753
50141
44921
24290
53433
4504
31358
73690
38321
56396
35644
88097
98678
61538
53677
77369
21741
31035
94026
38269
16049
58006
95174
2543
74980
20622
83655
74381
33584
28831
17505
20643
78713
55113
3952
31513
10593
62893
51441
64397
88695
4788
58078
73308
73789
4335
48997
61337
58676
4089
69893
89088
30662
44601
5188
41796
76016
96996
63055
40644
25834
57599
10606
15421
79860
39426
8963
17177
26975
97175
56031
13957
78998
71778
46946
33696
75239
69435
56141
3727
16305
23958
18981
84077
46859
94852
86055
3392
3183
80082
93762
43815
49506
17359
22453
82959
16416
45740
66054
92901
11592
26715
5756
47237
75106
1466
71194
10705
6889
40233
64217
53118
49401
30870
23521
38792
96053
19002
51043
58150
39253
7773
22517
79736
86987
25524
96395
12733
60561
93579
90318
36001
112
67325
13372
83507
7471
91200
34749
2932
24470
17182
74845
84075
58430
28253
53162
23894
14264
12256
90668
85947
2582
17031
81339
11837
7610
89106
12674
90762
47129
6467
9583
66513
45355
78976
17523
26641
45361
75640
48188
77708
37316
46045
62476
31610
92630
74575
80054
7258
12135
34234
65781
36260
94247
37749
77417
29049
61122
89676
93199
7676
43565
52984
15259
57146
89388
77865
88789
62276
55805
47621
50605
12701
50724
64203
80764
57359
82356
29200
99353
16280
95575
76523
87508
17506
84442
94316
36786
44913
99064
13894
84902
47381
74786
49230
15336
83391
97416
47739
46325
76688
31206
59533
1443
67852
81997
45195
36671
49038
64556
12325
35365
62197
2748
98519
29627
75260
52933
22126
58091
75912
40720
29285
85531
36538
91946
95337
3658
24804
38674
64635
57737
95192
18016
74067
71571
74748
66161
63202
76043
666
39411
20816
71377
2836
26281
47587
95104
99252
37947
73569
7
26402
17918
38285
51809
70863
77883
71501
92980
39149
94527
2636
14947
9569
95839
11836
57168
1617
51717
2931
24338
58776
36443
88950
46862
30905
49939
16691
11285
68304
2640
93672
80634
3715
60629
64961
11662
51287
49288
68062
69978
36767
995
40467
78840
28784
77719
70378
23663
21296
35132
42275
18697
14796
77210
74235
43794
37192
37805
86346
48431
60530
62841
81446
96089
56208
79658
99878
97173
18967
77318
58753
59313
64285
63761
28980
14365
29414
22492
34370
39779
3867
54540
27541
78820
83546
82050
69891
9521
81062
7116
67565
85154
48638
14120
20897
29047
8779
24720
44927
28777
78131
19399
75288
95180
17484
25854
8530
43460
84106
23043
59112
59872
14168
3942
23342
87415
91429
89769
58771
1438
84918
82532
191
9763
76858
54739
66907
96617
37691
37724
16304
36544
19663
91488
90536
36512
83630
27934
91025
10466
89726
88382
63456
27195
15723
21089
73298
91222
36274
21378
46765
17293
21500
19593
99397
4996
8488
73324
47962
6402
8257
66978
82047
18220
99823
64102
86677
69536
78377
99236
73622
76043
2472
16099
59534
27335
28598
85167
97028
13493
54981
73122
33878
30930
41501
78798
41218
34073
87789
81481
92929
97174
86435
74710
74061
97890
19702
31500
82884
39520
44832
59365
31557
25458
92810
78757
79351
27993
46527
98853
1736
1511
13762
53563
66675
97314
8476
46856
30843
61080
37901
98557
89140
42458
31524
38219
65537
25174
57930
8422
47991
4469
16376
70869
62753
58221
74664
15128
50749
19876
71465
82070
81027
20162
57133
899
79334
62993
92317
12330
58995
5364
73100
42973
50070
2241
58984
29878
75677
22204
73293
47144
70804
65170
86931
98887
42382
70063
3496
2673
88485
27580
27545
68343
59129
47832
10313
42444
30548
45842
88260
88457
57423
79328
67213
79483
28781
21248
53556
90762
39813
38440
58723
98438
82685
35435
99703
5232
47441
21931
63084
2146
3859
36054
55986
29212
87757
65535
25915
3532
96322
20249
23382
55769
58834
78482
14358
71116
91900
11818
52491
13948
21310
20558
32498
45685
74264
21397
92424
484
56686
97559
6746
65217
58380
23525
89400
64760
94052
68489
67687
56694
27794
4283
26998
33646
8769
87580
65961
3397
73959
12275
44497
39680
7083
6530
82684
46407
60647
75588
24584
32406
4232
15333
5491
81504
21522
40830
78127
75041
91841
3627
69361
3902
44842
3243
35720
10043
45440
22676
27402
66073
6738
48144
24330
94793
12209
51128
77734
65202
73456
41835
81309
77659
43108
79690
97790
57813
74411
64500
90299
83144
45865
9433
48797
15449
61997
87901
29713
29076
64210
38316
10815
52412
12609
5332
93915
74828
82612
8323
1396
14089
23381
42238
8266
89958
11525
86810
46270
82067
79225
14491
84065
66212
3103
20071
48174
3769
2974
12774
85363
2191
21115
5241
16682
54370
9368
84148
2759
88637
8727
14297
17290
608
83900
22257
55924
86125
74512
35242
46966
55919
194
60136
35300
76455
36808
68073
94889
35668
43747
1786
11988
1086
84544
34991
6192
71551
24347
69059
36786
78383
20894
9100
26987
66987
63751
3289
38494
17505
86504
25420
31051
79355
53832
90734
88425
19173
96007
85907
4850
77597
13406
75851
21304
99382
91365
76898
65909
66984
72846
44693
79169
69335
26542
40689
74109
35167
37052
27946
2220
48473
96594
80468
15329
51149
76177
27202
62706
86196
417
7993
57420
85000
39925
95023
93505
50762
36749
11046
46845
89519
96789
60287
84982
95049
47339
25852
54498
97614
91102
78231
8354
38535
56497
21304
12507
74135
90335
45527
14373
80902
6233
84174
29117
68105
84523
11738
81781
64911
35740
29966
83276
88330
12980
93204
27864
1400
24
28097
61726
8334
50065
4660
76420
95040
71178
99499
26719
7151
87256
92225
37862
47727
50036
30120
15303
72852
59300
53087
76951
18041
280
32656
80293
30508
78191
6185
78728
26009
24378
6900
69495
56146
34584
10038
56631
80440
86785
80672
5039
23688
57758
27957
39223
93253
53
21881
77935
70973
11459
99730
26892
48635
87970
9215
1229
43465
25482
74737
40140
58400
38516
2153
80175
5454
29977
27824
64478
10274
70297
87533
43440
49910
37783
46791
83262
62714
65409
43735
30361
28729
59982
75592
17975
16714
66304
19566
74760
9493
35594
6368
59911
90016
75915
88084
81324
99158
70231
73398
28126
65459
61078
60740
46853
93038
55846
74569
76350
59042
98268
31124
99112
39515
84424
1492
42108
33850
66870
11858
47161
70661
30513
95371
18589
63214
66114
64265
15503
67422
1654
88029
45145
51902
61309
61179
45556
98146
26415
90097
94043
29906
3017
46757
39106
98647
60501
43211
45919
40350
36776
71424
76262
83979
16580
5926
14418
91870
46206
32444
58079
43867
29626
39384
88533
37944
67506
75588
31071
62632
61845
12851
26138
17406
3756
73822
9481
76609
69817
5248
45413
85899
63704
72938
34065
52317
18951
5219
20299
99203
83298
75872
93855
5855
55687
65692
38422
71829
91864
10772
48395
46386
62942
9730
62750
43066
73547
5875
962
99885
54488
71847
57361
90069
30893
48677
51071
93006
47359
57592
54571
59922
46003
42698
48850
75040
36097
9148
93886
13480
4563
58463
42332
5046
97261
86578
36203
51705
32647
84664
43984
32143
27670
89941
65351
40879
31273
90789
38452
62066
36878
70585
74743
92286
50420
64559
90109
3633
98028
25676
12339
42535
67785
52537
90966
69895
19558
66040
69350
94384
77702
42177
48217
44764
14519
70429
80555
5934
9648
6142
66387
83421
3641
34713
19633
21789
89738
11937
95108
92006
73452
18529
79960
66211
74331
91222
29724
99898
49165
66535
26866
86579
32748
83074
92031
20422
98111
27604
91874
47013
80391
86948
85665
51972
24613
47852
54335
78401
23865
1077
7434
55539
25253
64591
56881
3443
28911
55434
77043
82273
87622
49331
11347
34357
76444
56878
92423
33443
46738
87853
25263
51018
7761
15722
41922
39769
34196
67943
32772
32734
32547
41439
94773
24685
60219
80872
89891
17897
97545
57512
17919
19666
27829
34033
24013
74155
25723
90683
55701
57542
95220
38396
10678
93295
10803
6150
16794
10642
59372
48413
81317
12937
14063
96339
93159
10630
48722
16418
47057
61850
1516
69734
89060
49503
70750
53237
39397
80552
15788
56891
81580
70467
22057
27062
56316
35560
32753
41803
23341
19682
22607
69219
77989
78742
63743
35077
4485
53236
96686
84401
5407
34361
81341
15926
5574
35486
13509
753
11933
49281
49108
3364
26034
36975
86261
34798
46820
9034
31246
36300
99454
74012
85187
3436
74728
45433
30776
69321
43795
36458
60723
56104
9586
83003
1504
26510
21960
22082
83406
8316
11004
2954
91702
20488
33897
1276
21660
17465
85266
10153
4111
5790
6483
41943
3594
41100
13362
44837
38493
75315
61844
16860
30021
74971
16268
72724
43447
25824
1935
12096
39549
15847
57059
88375
5719
66876
50358
77952
9123
53066
73578
52569
66775
32054
38414
25284
64682
19672
82760
19887
15634
20470
62734
5150
35049
81599
27795
96375
8521
9921
87967
7242
4054
15496
17016
60091
47547
17524
34908
1389
24492
23669
69425
13485
47018
3334
54515
12760
48358
26211
73452
9034
43933
41192
64099
42564
41249
78919
93323
68729
54456
96901
48827
71797
30045
11250
2622
8363
65733
88836
84993
57337
44316
4655
97898
68986
86062
43907
8072
47528
34465
55233
36965
44107
29247
41435
72503
48515
370
91976
50134
45806
29224
63936
57673
42902
46390
50426
44441
89722
15385
98688
29415
38391
47415
88651
10745
58291
36868
8801
96687
90247
90017
42055
26260
88966
7262
44388
97616
44846
21376
62229
48826
27689
36542
24134
82731
63936
24773
85203
50574
83709
6972
90780
51571
32540
56002
82206
78371
2414
1491
65364
57741
81801
31433
80745
10079
28079
58270
95704
16177
18648
82640
93058
85947
21247
64158
6443
8518
79015
21615
42514
10176
54088
71602
73899
95017
86586
56287
86203
80330
69980
34812
3503
52710
1570
18076
21338
31913
57529
3683
54441
58397
12631
31012
93316
18619
51748
31211
93635
478
70687
25974
38442
47123
68943
58814
78307
33453
17095
40403
36438
99669
95572
87334
54792
16766
88870
71744
15182
28406
46072
11631
2860
76857
68510
20290
53838
39456
32491
10953
45089
5814
75100
35135
19215
67531
90661
85444
43382
73986
47157
80643
56868
10085
30760
10578
3762
75224
81961
60152
6841
57803
14978
53481
60277
39721
67138
52908
60372
80621
21705