47856
8739
88239
15813
2863
98193
68725
76165
65435
11891
91930
25688
22508
48726
69582
7105
94829
12798
99793
94933
95552
48066
39556
9635
27832
16164
9689
86238
80579
76012
34344
72584
20459
49249
26691
73436
66898
72995
79201
18360
9627
79559
75959
84165
95208
93680
4837
37605
83741
57991
32332
93464
21283
65270
90045
76811
70793
17126
8781
88510
24005
74195
66852
66831
52920
43209
21013
4552
60144
5342
14440
24866
3175
34060
64531
22485
58888
15368
68135
12925
19378
21316
73607
50826
49973
93757
97555
6468
49241
5218
69602
1145
12797
89922
15086
88325
43389
45136
37481
6749
32718
45430
76110
86040
7747
25139
35730
80730
54705
54131
15066
65790
3599
10729
12294
10911
57143
39371
15882
73571
16010
93962
32285
1189
78000
67693
84906
88861
2397
47369
4580
7598
41007
49535
17559
41964
14035
73682
7545
72424
98503
31555
75008
53114
24506
42667
30829
58538
93872
55252
16037
2458
54722
98068
92353
74740
7138
1191
34971
44683
40924
25065
2025
52464
26455
57229
28902
8820
41819
48988
3627
67733
97101
5645
13853
9831
50166
99389
96704
53216
40162
99148
33578
96063
30595
60756
72018
38202
23574
28262
64710
45507
87005
48579
42620
25015
78987
95379
80161
39171
89567
68710
51117
99219
28072
30053
68215
81208
70855
55444
41412
11796
28337
12326
71931
4549
90643
58301
78100
38541
38640
68156
17647
63770
9190
68587
79970
87542
4879
21831
25898
59885
57155
19875
64929
64694
30491
97567
47664
40897
71888
67907
43068
81851
41794
88952
43805
40609
44373
94691
972
72478
49173
97599
48826
98754
1242
37782
5245
82914
42790
32347
45893
25734
52716
71751
33293
89108
44715
91439
92110
38422
2135
86686
62093
51369
32825
97876
1300
50533
30348
79163
2013
97284
4040
52769
89355
72017
26525
3415
37107
58223
69781
39941
36632
50627
3420
75207
71509
16223
10299
15304
77074
83339
56767
59418
82457
98226
19577
78543
51267
33830
61374
39128
72908
98865
19855
17271
48005
59322
87155
20066
35272
37488
88191
82871
36933
74646
19576
88502
93307
6507
82128
85664
94243
56949
73932
41962
53158
41385
65606
56606
30447
98489
88238
52462
1691
65914
98379
74389
71565
26705
52832
16908
87102
94042
86153
5030
18866
55893
62660
4041
86917
19533
86445
50122
96260
78918
27426
70787
20792
66467
54917
31763
80316
17617
9376
98834
26992
84883
40290
8847
91303
4938
83623
85193
23515
71969
62615
66886
81985
47187
81125
38035
3062
98809
76855
84537
31256
17812
2469
39064
78705
2099
53370
70851
47118
54434
984
26615
82671
30319
97112
87321
31959
62458
94190
52939
85890
45592
24107
75979
29206
15812
19325
51945
69682
24771
17649
87010
76228
38290
29113
83710
74551
5230
10856
7746
48905
86752
7513
93554
30650
72259
3152
77767
23200
22355
11960
14441
7832
24244
31564
68105
46007
66364
57745
69534
67646
55742
16160
77818
94732
12340
53474
79911
65229
46280
19028
26500
87888
36287
18025
35606
31319
11683
25487
9133
53479
41355
93097
63316
31583
44137
18876
22516
92070
70159
13766
13126
78461
18815
44072
83603
58835
47054
82948
61066
32119
52308
60737
6012
75080
79219
90347
62360
58729
53154
63128
37182
95536
149
83365
94850
71997
41994
8671
58624
32744
15986
4542
13462
49587
88698
13420
76578
28095
27381
49123
60664
27354
2856
45844
96992
18485
10641
40963
13323
45812
34453
47888
70832
57951
57605
85841
32007
33398
46604
3610
90624
50241
51063
3135
26177
27973
32834
25200
97979
9138
42715
97507
34312
80377
14613
73328
9507
58171
24844
949
89859
61821
64463
76186
821
41048
12559
75407
84245
70220
86722
5713
56074
23573
25108
58635
54587
11189
13676
67001
3826
76049
63062
45896
83563
33656
62418
79770
120
30302
82200
37637
98933
21671
81573
11739
39843
51550
15015
67268
50147
4325
51490
45799
22512
8359
10140
91304
58969
35977
53451
54315
93050
67584
78905
33078
43543
40572
7313
14133
69620
45345
42825
56791
21556
38198
71275
15414
99596
5238
86818
83188
32706
51492
12477
6368
37223
36316
88803
53592
10511
96965
41620
39113
25225
10594
76184
3474
41567
8808
91750
17158
93036
44297
3187
41583
60340
61038
71573
47856
28357
22948
71602
89987
49384
4590
3914
54594
14788
10840
34782
13345
11631
22923
37531
40087
57138
42300
9575
18590
99416
71328
61991
55984
43890
20026
64906
17361
62698
58420
2998
68460
50882
79980
28813
52118
56713
74981
11707
72526
24377
91455
29023
39366
11920
83201
34004
76635
46952
71347
58042
18879
24853
39336
21158
50808
85339
32984
57443
89698
72202
81803
71971
86991
5303
97905
7942
3663
51416
25199
36997
91754
78363
74357
68060
90922
8675
98858
97874
26390
64641
5000
80582
59577
14091
11749
25847
73122
70011
26630
92976
57284
53703
95448
94991
27901
64120
58969
15889
70899
2441
43504
3100
10810
55262
94525
24487
24083
22942
69515
85930
15439
86351
49730
68702
86257
10797
35833
17168
83153
8614
17097
26119
14460
83093
34109
34543
51065
99352
28294
15490
63334
75857
7818
51443
53505
89398
74876
83190
7652
96629
88551
59823
1255
7623
8739
70165
13289
72271
42603
9795
59017
29008
35397
11227
28590
59880
76608
17463
48743
86509
80444
80686
64365
27139
9795
51967
71652
27607
44150
78780
33920
30522
4834
39894
39269
13501
89361
22049
25670
95942
13244
46276
44943
5933
11166
97248
23422
757
18596
1498
48012
50826
37569
4871
92298
82547
84606
64147
57894
40084
89262
94318
40909
59748
92928
39731
23914
12773
72814
22357
36589
20325
38546
29481
62279
95664
7064
71115
6481
21392
4590
40686
27788
34082
40823
78467
42755
22486
51808
48964
21164
10851
7210
75710
64014
4708
67942
76121
62365
63699
42878
29190
48224
96993
43952
3940
84852
59567
78358
40558
15017
84747
95680
80676
52010
89227
53508
86965
17786
53951
25451
80550
1178
82358
24140
7393
62663
24880
6966
8797
91936
31163
44231
63878
21125
28205
54778
46153
46298
8924
83165
78047
9771
3037
65696
22067
21195
44631
95593
29137
70965
86851
88101
57836
83923
48899
83161
5580
63804
64444
86231
37331
79223
35313
16043
76267
61278
37181
79893
87438
46335
71372
52465
56976
50812
89847
78322
60845
40146
12507
93613
55723
90134
79285
85041
68715
19707
36860
97429
38194
43921
69946
72010
13358
44679
47976
40783
61128
83057
54982
84612
47621
1572
96852
59830
99927
23070
16847
94552
15078
16611
1547
47475
60983
92355
72234
94964
66775
7607
48246
39268
78727
95178
79681
76309
91715
54452
62326
48151
24144
91744
90971
31115
33986
82704
32326
83631
64455
62199
537
13944
12372
81764
88187
90622
27434
76638
60500
57329
87972
4491
76581
43625
37727
64683
86978
51835
64198
86721
30445
19751
62553
89105
85297
75374
49178
94340
56151
52609
46613
75401
48296
24181
96265
56087
77631
40083
8982
88877
83882
10796
94341
78426
69725
33097
77262
26936
77107
51744
99531
65298
21315
81602
46295
33127
79547
64306
17185
24871
12027
2160
36467
15418
32592
55508
93402
84256
39851
36086
49009
8083
40125
33609
90350
72200
63186
20808
86665
62101
99720
26792
47717
67724
63050
81038
97468
20805
2125
74970
49099
71674
86246
12096
54871
2316
71653
57943
99642
51908
755
87915
2254
97651
50820
31533
84533
11226
27640
71338
59490
51110
85972
72792
68840
33331
9335
67789
19358
76049
71804
19402
45195
70948
19116
55125
96947
60069
25725
67012
59646
22342
8330
45813
28129
61587
65424
45979
40108
37908
37891
72210
95279
29423
50251
62643
8010
80394
19038
75812
76591
9678
15995
5959
20438
35591
92384
12338
89533
68232
65193
77790
18234
34987
72198
9945
53246
96566
34583
5911
87240
57689
5094
59653
4419
19252
18338
14206
12989
90550
78259
27542
2853
15359
23551
19124
97119
14055
16248
46588
35208
66776
87007
69098
61441
9334
45433
14459
1594
83552
39820
18181
6044
76974
48663
93287
72402
73273
58412
44635
97973
82170
37450
86056
65395
59658
79579
55829
24700
73609
94246
93815
55816
3067
2962
41675
80296
43340
8729
68735
85127
77140
6980
3530
42301
87318
11304
34140
74353
82338
38493
71248
48167
3834
54487
98847
4269
87890
18435
11054
13950
22801
87744
97799
24466
19412
8983
53669
11714
51889
67896
88200
21755
14328
45234
34537
6495
6902
17519
35112
50834
72659
84842
88161
88743
51356
71054
56797
61064
24091
24140
40068
47356
40098
89112
59087
9592
64518
62753
51868
94565
97832
35467
80444
15625
6543
651
4774
5557
37457
73342
20302
82986
54417
35974
52976
43657
17474
29570
90054
84246
54089
99913
33466
25832
76320
30979
96533
27632
78231
71268
87669
75811
79445
25638
42909
50341
34749
37218
65318
27124
74700
25898
11379
47182
8894
30342
16547
60736
50640
54249
84768
73069
86336
34191
36148
35095
45008
18645
6651
24108
85706
6869
41363
64528
14237
605
77520
8003
25926
30539
59756
5551
19754
49735
40923
50769
43391
4093
30077
92033
32011
23637
51181
30783
95844
70353
82870
68476
37526
49507
82758
26850
79331
98600
34938
81281
8100
95652
67832
70360
50862
74523
93852
56796
62320
72841
61866
96391
33721
91680
44354
71264
41398
41884
59762
91010
94937
56580
4773
54924
27989
55646
19353
96806
77382
17455
84015
93738
71757
46575
25947
78486
36025
17093
1819
44109
44705
82276
64036
31172
70958
36545
53623
52176
25078
66896
1651
37065
21699
97530
39908
86843
97266
33437
88858
85578
5014
89792
3700
80351
42685
12210
16411
72691
31339
72414
16427
14486
15842
18540
17612
20701
8355
2775
47935
5638
5390
53574
60532
25257
53350
18858
31096
42429
54352
96307
72779
21379
17401
35439
24655
43795
15959
99296
98941
41890
71912
49561
66546
64045
51703
16853
89095
75172
14397
47764
77438
79541
55715
4882
12600
86676
6502
55557
60483
73253
87508
63572
16177
52646
94258
33967
59300
70715
84352
66095
82725
40631
66740
6762
29460
59683
10979
35282
4313
36815
95198
14092
90553
84723
51833
87048
54308
49312
11399
96546
87787
84455
98305
23379
49136
52773
62053
52148
96469
77707
69115
28337
17782
58982
79475
69254
12499
71439
44586
64377
16645
48401
1036
45939
35026
41809
39603
70844
7260
22303
38445
73202
8883
14777
67324
15366
18955
84406
36662
79443
95272
48886
58125
76635
61430
29251
83337
9184
52981
77475
5841
41884
34865
68573
73289
10238
16527
74214
11734
69698
18180
14983
82364
87787
69024
25549
64392
54719
3815
6604
10057
8319
58336
77937
7673
79874
39
5699
97402
89133
65693
30708
12572
96145
10911
2858
73627
9664
3764
74628
82629
67405
85087
70891
84184
83936
27221
24120
96138
88531
4456
6972
73795
59085
38850
87279
60420
51000
96846
26360
42315
14848
75984
98070
97326
96458
52692
28649
20901
47534
3715
19552
39620
64691
64083
69280
8966
91622
28086
27053
94309
15575
19218
96792
4774
94832
39569
98885
81714
13266
93166
15160
61022
37133
82160
61404
89388
30236
62228
37775
93930
37371
23650
57325
28760
46183
98562
56056
10408
14192
90247
43297
75998
52829
42377
61941
69559
68316
14801
33159
28422
30756
86605
53558
79064
46601
5379
72763
1241
56315
49762
5745
56464
46140
64884
11489
64165
64348
67409
95048
20387
6227
2221
46184
46521
47194
65968
44104
74618
40710
49894
92169
17892
39362
29965
70470
58814
50279
66956
56870
66970
34107
89572
62210
17210
65796
3326
90349
2734
47623
899
97765
23484
26178
67563
16341
68537
52194
39501
10468
2419
64993
90869
23774
64017
91103
88915
21852
78802
55548
20464
67986
32274
77968
2684
88118
12043
2151
56483
11880
48088
38076
1118
71586
58325
65361
75717
38845
63138
808
80322
55613
26150
24866
609
17274
78832
66193
54947
37613
25241
74299
62194
24755
96422
87406
79407
46785
19401
75706
96999
49284
99750
40688
64676
82931
67443
47957
87551
53044
93529
92354
58227
22695
93944
21948
67086
29011
10407
63851
17089
7243
55800
47001
45462
17693
91353
69800
30656
92599
16087
72496
58318
30262
98845
32981
89818
36972
75835
78433
13886
45933
91362
73603
32614
75062
59019
20387
56384
75963
42487
13696
54320
34668
75569
19689
56928
12899
59888
91796
28149
62700
48025
88670
84989
53169
51745
35328
22308
55969
3567
90794
74117
41597
54976
86782
82109
70815
77444
68684
13980
41063
17862
29414
88629
46275
38122
11935
29461
59226
72974
50244
57040
29941
26963
45207
89558
89578
68469
12676
51109
41447
70613
43363
33368
37975
39352
60873
48381
36852
2760
99050
96357
97450
19704
50287
73236
88292
89573
33967
67960
91669
62392
59246
57430
57060
40232
61775
8832
7509
28093
82231
75554
65808
1135
53760
85148
37809
48781
86134
76202
45867
66457
53042
34527
7961
45808
28784
94289
55331
88680
62063
11725
74697
92498
91332
60075
92015
37406
31547
95644
44581
40670
19852
24192
18866
58371
42934
45236
77853
74083
15578
392
9175
20733
84727
9647
30984
40819
49405
38543
79348
2645
48624
24249
38026
12831
14619
14738
1001
97304
42574
44592
1839
7227
92534
10528
47328
42483
17496
74724
3215
79712
98730
45371
74380
48854
90125
29720
99658
19460
15594
90868
49772
97202
70408
74270
37867
18947
2343
25329
75334
86362
96349
89759
5735
37913
20427
38569
98254
17125
15835
16176
38076
37285
60568
71590
4286
56041
30537
30974
23796
49640
49675
34210
57565
513
29674
22242
59681
24931
5660
79562
74139
64648
42107
63437
74432
21052
30333
32670
42896
53692
39698
89757
85176
27257
45465
50926
9698
97147
49438
67749
65146
41026
9908
26558
88701
77704
62667
50889
30048
95075
15182
3650
10074
3366
57373
48862
83087
66695
7938
98946
17083
33211
31313
53422
39927
99582
39008
56247
14410
62831
15969
59762
53615
80919
71513
98603
43455
66634
13598
52117
20987
38182
51185
40445
68985
95288
60597
93943
2632
1087
23276
74522
60225
2408
39757
74023
31404
88056
38467
12644
25036
88072
12933
91400
74952
20874
41165
59215
3223
18634
66904
21548
77863
26448
9849
7326
58122
78562
22874
96987
35646
1031
56816
95754
72760
36454
14617
25997
28908
34604
1141
13787
14779
6604
98558
88523
83033
96160
19110
41740
37625
53326
48780
45874
25272
60615
23706
8362
51811
4393
55133
26383
60326
13763
29602
86997
1139
70360
70666
39331
42698
99933
26890
48990
79339
54717
2081
12704
1845
46909
43798
23527
81146
20281
81326
45001
78273
26988
57991
42565
51223
99855
34676
24853
22484
51321
84950
82817
95974
40836
81715
71341
72060
65904
63829
95410
39472
90177
69185
98377
66545
70212
36979
84387
46284
70991
42451
27159
82551
33445
23094
84659
8891
92825
88947
33203
48219
82986
25151
72624
77605
60301
78184
95023
14835
75209
68331
4602
84862
62395
28691
43916
72449
41209
25647
91110
38949
55924
96622
95007
43566
35414
22905
61944
30849
30155
31213
98637
26640
73309
32435
95111
60356
19607
90206
11214
91590
15595
71841
88796
44522
44879
10986
76429
95800
83361
4703
84434
30488
99179
76659
1189
66393
46499
68325
34487
14591
76201
40918
15141
60423
32659
44933
4169
49624
57510
96328
28269
98535
35738
16457
48698
82150
4480
14747
52238
6123
71232
21751
95852
62777
65530
23799
85710
19149
33422
44910
24245
77223
53656
95939
5057
17235
29715
15016
19196
30355
4126
64923
81904
54955
93083
99224
53849
72744
63732
14713
36757
83054
67993
2603
48632
9948
52228
27854
80989
7102
79262
11081
96566
54031
82970
47623
12580
5609
67423
93714
63234
32139
96803
17546
6204
83173
626
99650
95325
98499
52814
15864
81670
92052
13680
86351
35834
40470
75085
91051
98742
3071
69365
50472
88734
23722
27604
64086
85618
62365
71835
77365
34560
80019
793
7018
91956
48426
85538
52411
76522
44203
36370
79469
65155
80946
26155
46423
2677
35865
97561
26562
33597
23109
90839
71199
45617
82060
41643
69125
42544
50018
7948
64006
84346
25695
452
28141
99932
47630
15920
1399
25347
97460
79012
50251
82258
19003
58475
74038
56847
93435
17644
29767
66775
72932
38377
44804
47634
78666
54049
96552
72577
16685
77589
22938
76820
64451
31720
61386
77848
8997
21151
13418
60845
62867
38504
68006
12758
56837
16150
45762
28426
18319
65034
2447
50023
90575
35534
90218
96774
36790
71644
74737
4713
80433
78907
39427
37265
14228
50537
85682
44845
4066
49556
78887
64876
81018
12098
98579
57427
77889
30800
38990
61546
99561
25303
80526
9745
45339
78699
46469
80465
65190
38846
10230
14061
94371
93186
41782
69942
47716
9835
69468
85310
41657
34130
33828
75524
79711
43254
16582
82606
21702
11932
80589
22965
42813
88824
279
47738
47420
45572
59592
58902
91341
61421
99691
91055
19831
37037
18022
27367
70249
70578
16377
39151
39648
79230
87091
67320
79029
17992
72881
18698
66054
53247
57940
71277
52447
59375
51742
92933
95589
26332
72744
11995
82975
39819
77379
86454
29345
41920
31273
82216
99766
72322
91071
36004
74889
88027
19818
4142
94032
85148
32074
66987
78998
17053
66904
46839
88548
40353
1399
17046
22987
70264
32410
95298
92848
33822
21778
33667
34068
99040
59346
3420
78111
56063
30529
95074
16617
96462
88251
48104
76868
33558
25541
74837
15305
42392
36651
89623
73310
60530
36663
37713
93537
71419
46864
22864
24532
83944
81421
44987
24645
27793
16692
33001
98872
12014
68180
81484
68819
64314
18907
84523
72838
78682
27317
55693
46325
13047
42370
74001
3139
81190
97874
65403
252
2441
26143
71657
37792
33327
27143
56227
38407
13366
65957
50737
31957
96017
12683
13798
43260
68996
17790
43130
46696
36972
43662
59222
21675
96412
9297
24297
79334
71746
13851
5111
44976
87432
43451
67600
44166
39094
74485
92415
70831
18836
95543
55929
3083
3597
88603
95349
79832
43888
28568
98875
43040
93328
92741
51669
27874
15211
73804
30914
79067
86856
39430
3721
36369
73913
43480
40363
3772
49600
96042
30961
13329
62638
21376
55236
98924
14535
13495
94844
95674
19393
84669
85328
65985
23594
81645
97292
97036
777
3110
27105
39286
28381
2216
99318
54866
27491
37578
10716
83381
40339
7738
38719
53537
39721
85490
98424
61774
11425
89715
69023
61495
72059
59393
38622
72799
28383
22587
51905
61566
48346
68277
88330
53868
6950
47540
18049
17640
7367
98661
46632
15717
46546
92218
20972
1938
8072
64354
73015
42564
15936
63460
50947
46915
29251
62776
3049
41550
34513
64674
6551
91627
88513
28652
88480
30863
90245
7102
40238
10534
97260
73789
1010
48960
38113
14397
62556
46393
688
57668
10374
28930
53769
82173
29386
52753
63645
67285
20020
1762
78853
79318
39507
49672
75170
36894
60457
28405
81728
55131
12161
3649
20947
31077
87328
35834
60387
90488
79028
16649
53860
34060
3529
62461
17182
55667
44794
32470
10572
33102
40325
86255
6944
46764
73143
87497
56899
53568
19271
38129
73497
66206
78015
84845
9443
7923
436
11016
64446
14590
78198
11351
95497
93742
34531
81927
56229
44537
76375
69734
93429
42101
7166
31530
37668
78007
55465
98721
64837
65959
69375
25239
93110
13436
39307
75006
54686
40729
77171
89885
70549
91587
15369
14903
64227
53470
31802
90294
85792
86883
94787
37588
859
608
78852
50278
11894
88780
60973
11909
18606
67397
88980
36219
40889
68296
89161
79463
63912
34316
67521
41132
55660
7484
6094
98844
39477
46575
69712
11228
4981
21510
24196
37653
59426
32609
36730
83255
52443
8926
32549
57353
79522
22575
69676
14129
23080
71639
68381
2940
16902
25409
31137
13419
23207
58876
3723
76603
53283
32727
45322
89519
14086
63893
35357
19036
25360
27277
67366
57873
46389
41953
28215
72609
58340
13497
14793
61422
59141
26492
49260
2547
27676
85802
26169
35886
62314
34328
47043
57224
43890
2632
86667
95458
76601
27685
31699
40799
49766
91416
13610
93448
18570
96458
76198
14400
33817
33047
23888
63172
64758
92843
57497
36990
68813
7036
72491
54471
25753
56771
58234
23542
43910
43416
67129
58666
47985
51817
82792
85199
1291
23510
34507
62224
62012
49484
80151
13050
27684
79325
7045
88649
96413
55161
21865
2898
73181
86379
25500
94923
11832
10513
78229
7450
26626
825
84054
18457
65841
3957
85410
78019
78593
76347
46669
64350
26865
30812
71052
45861
90442
97599
65164
73424
53440
91897
12926
67362
29105
79850
40655
43375
97707
45623
48598
5960
83082
98336
47239
7429
70367
91454
37381
10605
92844
41243
27316
24037
15307
6477
58315
5843
76271
53840
51016
43341
56098
50431
5726
73123
34701
58447
83178
37254
11222
15976
69219
10707
62980
5921
11536
51584
6334
63095
88083
70882
62065
37194
84323
1561
51312
1460
7447
87512
28758
59654
81822
86324
35847
25888
53548
70793
33076
60333
57423
71876
5117
80217
16928
29200
75281
33008
4852
50848
20753
3893
21874
55958
71699
88923
49567
75502
56387
19715
37045
84394
88451
25011
77874
18874
14226
92559
98221
41959
19275
951
3427
37501
84228
1789
87120
19507
38167
34625
16633
45304
58430
20683
48965
79228
30679
91620
75756
89880
52999
87025
42344
7355
80411
96973
23752
62033
28521
41089
60676
98386
97269
26275
76650
37477
86000
28233
18358
82095
5050
27272
61601
76284
4136
621
94641
59081
97505
66455
56558
89771
19266
74831
3508
92639
21697
95398
37348
99471
29679
51913
17109
37502
6807
89379
45832
84016
64931
4144
36153
50649
88989
85273
60593
36961
37139
15216
48760
67504
96148
86441
15624
54523
75095
97844
69533
1803
90618
98163
10537
10439
94312
88924
86212
12350
2196
92172
74048
29779
28450
77862
14330
38149
97765
12263
58285
46713
68835
11719
62656
62182
38452
89295
37152
70397
68649
39793
12424
58515
68746
56072
43196
17549
7064
65869
7670
52167
945
61139
34231
56961
94961
27360
88287
98278
65462
58568
74360
538
74492
15463
88076
92959
87302
15355
12504
97028
41438
56732
6040
11851
28340
28345
12385
44021
8003
96496
9709
15661
15153
41066
24241
85837
52373
79857
36779
60337
82130
66542
78999
93174
57154
88739
67297
60974
24398
30626
99444
78980
83033
72008
91569
3750
72413
93082
38652
34804
95917
2970
20752
64099
5593
90086
50994
9998
40688
32397
31938
79481
47008
10863
98030
14499
40249
98736
43266
99337
93391
40280
42714
47345
91454
67018
18616
26489
89384
98431
51024
36220
25562
24382
70112
14270
49357
90811
14141
98197
47655
98857
23241
25876
9122
32189
44289
8948
25061
42017
8339
92001
27502
54577
27340
66431
76017
63637
87375
73624
44026
35899
66
92323
80942
65297
96323
45841
33967
48316
55032
24791
15903
78040
42531
5524
62268
49421
11348
16894
95146
14538
56696
63245
41806
14432
26000
23331
2326
84190
70204
24342
32054
88964
87862
97884
91597
29926
82876
21298
10342
84095
94533
81257
79482
62671
6516
72845
58195
50867
26154
179
83724
83488
87926
88991
6228
16571
58984
75151
72177
90519
63203
90472
87361
89356
93232
66203
90331
94449
65103
43923
25044
4279
16009
18173
24478
51233
74913
38452
79819
78467
33224
65961
20719
90198
1712
11436
32259
31029
4824
10201
34918
60343
37318
17025
87486
77577
50356
75572
83132
15911
80833
28360
13277
29239
53511
2889
84685
20835
40652
85021
28871
39985
33970
72818
11959
73120
41802
93767
60512
71073
17862
79412
17369
66608
68523
7030
9842
23917
86149
75835
91348
97499
92180
60166
30919
60981
25125
36576
73933
33736
41148
16732
55339
1681
26764
88004
63432
52691
31081
59941
90926
20884
63764
10900
14126
23062
65622
34491
71712
53709
12936
6309
7943
19330
87599
66049
22131
99331
8005
25334
4416
4900
83378
94788
72412
70582
69434
74130
4998
19906
74159
23610
52178
48355
98471
94765
98313
67421
13609
50820
70061
33086
79873
46756
58714
13039
18579
7693
54951
61334
54796
39615
59916
56044
93811
6506
11326
61014
73311
12528
22678
39618
65538
89529
93615
92000
14147
83
80142
78042
61834
10212
3228
22482
79668
39470
75695
34582
262
86269
8807
98498
2686
64176
69492
43283
96612
42497
59828
16131
37952
37811
12410
37414
32582
89399
83690
34880
41132
11195
62017
59009
29596
72144
79858
79966
79460
29942
95659
95308
13995
35942
15542
68187
9374
85403
37947
40462
14793
85406
9731
30067
84705
27341
54967
33923
2301
43016
47271
68983
38917
49016
79814
13444
56547
6459
73235
10293
57942
15120
68914
76773
90150
46299
99545
68277
77905
1878
42183
79728
19780
74037
37134
25080
12709
67316
95985
68364
17421
2911
11337
77433
57587
93405
40706
46874
68644
93818
46498
82029
17582
88240
93193
20179
27483
57426
26099
95140
28540
55956
667
13197
20283
82810
91738
62023
21042
6459
67277
80213
94489
58897
54964
41754
20986
55968
43383
44340
39842
75905
39619
59577
50256
62315
6898
64972
90863
65660
59529
79356
24896
55881
10682
31866
46737
89184
2474
25940
4234
22806
58541
49299
80326
89618
98509
87085
14942
39444
82250
95816
38529
51940
63739
32204
49056
39251
92979
12996
96485
34704
33342
61105
45252
51625
40458
5610
93290
74651
73987
90259
44754
90681
15895
77657
1463
10485
2744
46792
11683
29294
48479
42538
14981
10486
4430
78108
51489
70206
74862
9102
59106
86592
97463
12470
95531
33961
5422
82322
6315
64641
35912
25304
82638
46296
92685
27932
93680
52271
3416
85150
19436
22816
49627
22572
93683
54731
46783
23579
83576
1823
4776
45438
8520
14369
73687
30241
47320
56443
1226
73541
46806
49156
30174
85399
78305
71784
6997
56367
26421
32308
70226
55778
49982
74112
56928
4613
73966
63065
15091
6399
66153
42634
62374
67721
20893
38150
75651
26564
1232
60501
51714
30039
81074
78809
34729
5700
38065
90427
2385
454
40010
92823
74185
16265
25853
58337
74931
88294
80794
63250
81517
30554
38424
80755
94794
70594
66501
70308
84191
73748
60823
92618
82842
91325
79904
90643
94508
46803
16448
33159
35431
77526
92212
15533
57378
49608
7373
2742
69625
90853
62236
87179
20177
10721
80201
43758
1626
11325
23266
38511
5454
79622
62672
73678
76950
90506
96966
74759
68683
79895
12051
67199
60857
88946
72310
17833
29344
85233
12177
87958
35252
310
18839
42999
33989
91720
96671
87824
94009
47183
92250
83290
68052
67980
2561
44053
85690
47539
35559
21673
87019
36038
43981
75831
79949
51599
69813
43489
35048
16153
48911
79570
21514
67819
45103
33227
75978
41379
21983
14603
64042
21963
56912
890
50134
22299
83212
93555
6954
3371
49319
94124
73488
48818
50740
53155
4773
69568
79860
83975
43805
95572
47177
51967
64861
13723
53800
37403
92423
65542
50765
1013
79283
30918
936
73219
65624
99943
23542
34429
22346
93414
78443
95973
42493
59248
6186
66327
81927
80281
79607
12559
82756
31510
18019
87762
96531
23703
96039
13690
44094
49316
23052
73089
73079
96467
31463
61321
78493
95172
42306
26501
96766
92729
85269
98248
31542
30389
41588
63592
68566
75439
6722
47150
87520
77235
25123
53117
5615
24053
47823
92061
16627
71411
18914
60067
56217
24199
62768
36895
76202
5349
68662
27137
87594
535
45515
80520
41120
91507
82870
4521
82422
32885
61689
9528
13750
83230
6667
17846
78868
34473
6820
73848
25355
6342
55537
6991
42655
71541
39943
59097
40354
78656
8884
9700
85170
49269
53329
27546
56287
91967
93940
81326
55050
50304
8449
15233
18697
50637
22368
84112
60968
77958
41163
20990
91017
70800
97790
69434
47500
60241
19249
73037
38153
48648
60129
26946
44634
134
32938
8530
30198
51949
86161
80619
26360
62819
51677
7004
69086
26098
16582
25311
93389
37408
15750
708
30066
8838
34765
50390
31780
3408
26832
71789
82149
83024
60225
6447
67302
48734
45881
13539
31114
21008
84850
5428
75075
74994
28754
55358
33465
63491
59425
66264
88201
22156
50459
39998
46666
33789
37089
1049
52171
76357
19402
94573
76183
37485
19096
23648
20571
64370
72133
52418
82142
2654
25435
1181
23183
60386
60130
15290
70045
47186
36661
93709
82367
57309
59630
99071
4692
92647
47520
65622
57508
67429
59747
39395
78694
56500
37161
76135
41947
92246
55983
80035
2839
50282
77712
91002
10912
62918
48979
4837
82670
13012
32069
87988
26963
57863
5217
89212
88852
76505
17708
88161
92149
7202
26909
79137
37747
60919
54425
84602
34443
22044
72989
84025
5176
49255
12340
53344
78394
76499
39241
86931
86737
14397
27766
52320
71368
3615
29338
9576
92975
62247
63786
63438
93281
77683
6622
57531
6949
17099
37484
27724
75023
33882
94386
64281
95142
68459
30028
37858
99617
46588
39302
38520
28778
71745
13356
48805
612
98840
87901
77465
30121
55013
66237
53586
29676
48938
41
39527
18622
11108
44390
54673
99948
30756
25394
74934
10469
30696
2140
7252
10489
33654
4080
26759
97756
14164
27498
79191
69578
3847
27148
28480
88101
94631
72235
43135
19930
46651
14627
57878
70562
35254
63914
96957
70468
11885
22754
9030
94807
54451
19272
70218
69062
63988
99082
19636
6380
55370
44790
74250
2942
31167
28589
44756
57768
77280
9558
96299
88367
28890
22383
81439
88310
30645
16318
76132
13533
18089
86149
96634
80995
28960
89620
71160
58924
58762
57464
54613
84253
94647
42226
60626
61156
95381
31427
65639
70229
44902
52035
36297
18671
62972
63761
77780
80862
91124
8388
43547
61081
50765
61567
92809
21451
13475
57891
70995
79471
85037
84479
58044
86324
4815
80163
1700
23104
31356
37842
81166
8721
37003
47510
43277
12478
76949
40941
83050
57437
76073
2816
14068
97053
11948
36789
46309
80499
49712
59546
35693
8275
1360
20322
89918
15060
92421
77325
36051
98326
15176
30367
22461
47647
42917
64626
39691
29344
9304
36647
98869
6871
99046
74552
35621
2990
68923
81513
61923
6528
18619
11933
66844
35868
41671
88741
72078
10754
28591
83955
69811
76042
35246
57645
49383
62500
85638
65661
61559
13434
69753
73284
45512
14161
39745
81487
32577
78639
23565
12322
88823
98774
41144
57104
70771
21678
42855
14733
90817
49889
52095
52795
33912
83616
49729
77568
24417
87075
6115
1945
84485
1582
30956
46663
25784
14479
4780
71176
37788
42915
55286
53217
37140
55832
23323
74231
71558
71437
28835
13533
3083
66358
61322
84295
29814
18300
12406
54332
94494
39681
91697
17099
35562
19969
62151
85589
96120
96916
22460
3784
45643
77168
36011
19115
89743
33259
65495
29237
28041
23166
21968
17881
29631
13444
11173
9916
56481
53826
1216
65702
10003
80290
43394
87318
76377
62167
62875
496
32030
92869
4614
9170
88352
85272
51455
64101
54811
17490
77474
41199
96592
99907
92737
72805
86386
28528
29666
45885
25838
69334
62387
60417
90100
54920
85419
24192
70022
84725
54974
8894
64283
88997
11612
78444
2449
74017
61734
52627
1037
76146
27022
87849
12336
72929
69451
21510
39224
42334
10550
52336
73935
87741
61028
9458
19541
83546
95295
45387
6629
89789
23747
17155
29574
49976
15251
87768
96496
35854
2869
75351
97145
55470
79825
27847
1691
75324
6369
5950
7652
7249
54549
81143
48026
20089
45414
9339
59113
89946
78132
22332
76426
7028
68319
26273
75569
2308
64830
91227
96435
72066
40192
91703
1330
23339
1693
76620
76871
42425
58999
11348
81227
84653
39442
76311
52866
33807
85037
61026
7716
56844
77821
81303
1321
26111
50213
32350
9361
13450
2035
47833
92141
45347
17370
15190
7853
24812
37799
19101
81831
2618
50530
7145
81089
18615
6083
15892
72923
12483
87758
35466
76156
21110
32397
34336
99543
32256
34793
12669
4089
95537
79013
62870
92434
27508
20855
9080
56126
17846
72387
90494
69231
94981
81909
66499
17881
86835
69467
37265
39354
23194
25309
98392
94339
79769
31738
25178
6919
90460
32800
59331
16255
4411
74311
34453
99543