84222
69200
15535
65444
74522
55105
35823
11591
68626
98273
47958
903
49097
20193
40823
42974
9207
77948
6040
68841
1930
92053
49155
17011
89133
54924
61050
62402
29446
94492
94567
83294
32280
55348
92625
39161
31817
22768
60043
46976
68062
8403
42631
97405
12291
91843
2632
14277
39047
72897
36693
60997
10851
53732
42793
68836
15003
87089
3879
11828
79869
54393
83658
55387
64295
49935
26811
25497
55781
44644
17980
8213
92376
86497
80609
24456
11122
92544
30782
18501
63709
52648
93979
30116
72155
21379
81253
6698
91528
89405
37886
53591
60188
16475
51860
56235
96269
89270
65679
89557
71986
97459
58500
40378
3298
39904
93255
24863
90490
43309
52125
11059
42877
21604
57807
51995
15702
21606
42587
35067
86169
20964
93156
77214
66695
94903
38601
89059
65200
88924
23571
40292
67091
9039
10088
17091
96641
49123
22205
5556
54528
2972
93385
41761
35627
51497
65684
72350
79351
97665
76686
10026
6640
72697
98460
31902
52417
3487
461
29237
35091
40662
70858
34712
73581
26766
88076
76293
34521
81119
25224
12347
64999
17250
9317
87845
27947
53836
51247
27392
69666
24936
10403
84779
50674
79440
84906
15402
22671
40424
75075
62935
97785
1207
89881
73862
74595
59266
6068
1811
48111
42823
16875
73706
54996
47251
17815
44658
13410
66048
69410
25175
77148
57999
69918
20914
44388
73917
78963
64440
22484
90693
43024
3356
34344
34803
53827
28577
81370
86016
4451
92544
14373
96527
82058
84307
54475
8578
54849
42876
66930
91258
62547
43988
85929
43561
99907
74548
94728
57174
55610
26905
2997
46444
9400
22680
54883
80319
66604
89694
79829
5596
52286
24610
85089
13580
55178
41258
36751
30149
3655
41623
89920
71885
13285
93422
90828
15916
32662
29987
95939
76332
80867
70212
28789
61392
99711
30815
84494
6734
62136
49937
66137
82666
13449
35692
24453
69841
92301
20101
3877
68879
9167
17303
1360
67821
21981
27063
23337
40010
88602
77461
84698
20693
14450
4107
33369
88612
10056
2533
42093
25877
15596
57422
84105
70078
37096
20595
98966
50514
8953
36181
29456
60435
48443
73617
94599
50191
21757
99620
50373
87993
73908
20125
16559
6916
67212
90595
95461
54238
69752
14943
48995
8007
93930
19080
38986
78764
63327
28873
75897
13092
23474
64049
74932
95047
39184
83767
94791
48742
67275
8392
53028
63371
29672
57839
70952
66190
2356
48191
50875
63600
43763
20768
48662
58424
22105
26643
40159
37224
67633
10148
39440
55899
88026
5739
94135
45725
36946
21151
31126
67655
95659
48344
74313
40405
8986
34815
81255
55078
76974
81652
39650
75984
12989
62780
3337
78685
19450
97957
23981
18918
73379
26903
66401
83114
55991
88152
11290
70602
33957
20348
73206
2149
59263
65992
97849
71243
56493
47681
9778
82816
41822
85910
35932
95472
78010
58631
38336
21545
68083
40848
23768
90073
1177
14965
70510
71621
35116
89196
5539
82147
85004
75650
69644
41748
30605
94187
11895
88161
66823
99178
44043
96881
30473
26424
37037
64997
22445
59541
10399
46865
4263
32328
97923
59991
35351
27829
38973
1632
97182
60314
68918
45210
49389
57317
99869
8937
64664
20310
6216
91787
92650
79564
92696
68653
26834
10095
95002
92835
36251
95738
92874
5832
23578
87651
10866
68114
47424
12296
52113
58320
38831
63319
68951
56420
23466
94298
58955
62455
66053
31581
36047
18077
51771
95549
33532
70054
1918
67183
9191
13118
96744
30346
17669
9794
7184
61043
51979
22655
32921
2563
64429
44393
64325
16183
21192
17812
43975
60211
92156
76243
28022
15795
33361
73035
81917
23152
77498
33939
98159
56492
48823
31626
74968
81786
13908
25524
47406
19948
74639
28818
90726
76443
19703
30974
21348
24205
78960
10048
31018
44038
44211
30192
61873
2701
90897
80777
76342
44569
54008
89093
64747
45081
63599
21946
19918
5565
9019
73329
94391
16356
7876
64800
66699
64610
58322
70371
73198
50958
34897
41627
48981
2054
23763
40066
14553
26207
6068
66634
38216
74380
8441
60754
91445
67850
60722
5028
64336
95527
90046
654
85776
15277
53518
49275
68780
56590
91362
96205
93225
7309
59855
17817
43598
83783
86338
53950
25715
80060
30334
2659
62968
37054
73793
31277
58834
55989
4613
64635
77536
75308
92802
93118
28219
40443
72304
7607
1068
57874
87018
36367
11992
16703
64303
98157
11414
86365
95938
85976
56610
10713
96690
53577
70250
33793
21811
48075
21637
63532
13835
95250
72515
60192
22313
59157
63838
87844
90095
27658
18448
11074
72848
78749
82912
78392
49876
8268
47284
82940
88857
49282
60330
18122
70868
70670
85857
75147
68149
91711
92114
97379
98953
18591
76444
78359
95448
37640
74045
11194
93038
48903
63708
68211
79287
748
38979
57868
1699
93067
89675
95801
67050
9906
87407
61026
62409
53415
87746
55791
58890
60446
54653
78128
30306
83508
55441
9702
85907
93547
62618
73361
24594
24802
12628
27031
88291
84239
82439
60782
18016
53212
43998
78150
26425
74492
34646
90294
6613
87976
49170
95073
80278
43867
65963
2469
63067
18150
70020
33088
40447
38512
47259
2431
6110
16590
16027
36708
21368
12571
98255
97587
31534
24852
71058
56985
81994
47987
12962
32026
93787
8165
626
50549
62397
394
926
89238
59511
63625
66586
94969
11934
72141
81315
82901
75607
11265
49783
12845
79898
67491
51456
84494
69970
60839
53515
49989
27936
23275
40215
609
36671
47730
85161
15520
24291
71040
69597
59737
52219
45457
68790
17253
83765
78998
45622
31402
50112
72877
12746
94821
77677
8091
24637
98676
55471
53353
60173
29086
92641
11865
54938
79776
14087
66051
85306
7796
31276
98928
45257
65215
53546
75602
70334
26520
58281
35678
57945
94960
89854
65191
30745
8675
93045
69816
22986
6265
26890
74350
4635
5176
97840
51792
85869
80778
21940
30572
74184
55047
6268
17775
63624
54303
89673
92256
25748
73446
20188
51545
68879
62716
53301
58595
12263
21368
11350
74414
35819
10000
53766
59306
87322
12360
12721
76708
29814
3156
84109
39936
23800
58796
42615
11536
65821
32875
64572
79278
11805
55332
49524
35900
40764
53026
33928
42965
22778
20729
3348
29135
98341
494
87623
6896
95374
95104
75656
94890
63289
7218
54323
38453
2894
69463
48929
95847
65324
98456
81254
25298
86909
65316
24083
20826
29413
14005
58907
6545
29012
1243
95827
36881
28155
16455
70387
40214
71451
11254
80089
25654
49912
38168
43341
34781
81037
23708
97310
34153
38554
85306
94827
95135
37464
73628
38686
39400
32492
97578
34931
88075
29146
91856
27223
10056
27409
2863
65644
82030
24068
88925
46280
69594
65241
9113
20764
99374
7834
27407
5458
44809
57673
47556
86352
89960
2097
22943
81210
8633
44503
83444
86772
43991
69296
40590
11812
15495
26987
96345
97974
77134
21295
66537
53433
95981
62623
74090
58503
62362
82010
15397
34754
24636
14336
40459
3097
19778
55821
70241
23562
6145
54506
89128
79457
58057
78649
8456
88895
53922
45390
26745
11350
10472
60574
1198
75920
448
94863
41726
16176
43030
75470
75088
93296
47093
96
86850
39721
50178
68272
59126
5905
80501
72455
99130
98591
64180
90874
18291
98794
86830
24253
94949
88431
88721
89206
94816
81777
47145
75020
91499
37339
94198
32797
63206
2081
60552
81551
74431
96549
92218
52702
40531
99349
38920
98292
82046
30641
9774
2423
63841
91018
50718
78557
99599
5286
70493
954
39508
15168
79291
58426
19938
14701
80078
43946
19098
66137
44842
44720
7443
31600
17535
29307
21994
63768
37838
64916
21127
85020
3369
47924
8359
61123
65927
21584
56427
47007
39840
81424
78845
10306
99723
83965
85658
53577
1746
6840
89408
77981
590
36039
38229
9839
229
73642
99921
33152
16252
47820
22122
67075
890
81653
57914
37978
32828
39164
2959
56860
95694
80506
90286
40281
83372
81850
51621
89876
70550
95884
14732
5903
64137
39896
34935
22277
16672
30320
53115
47024
80966
8351
14426
90987
56054
57853
24205
45009
75441
24196
41101
82820
70139
19133
97917
58986
12563
60788
44472
35250
83853
22250
76691
83764
69710
18184
98286
7959
39395
64625
19292
42092
1919
91057
13164
10871
82383
33490
65876
82925
3227
89389
17945
72089
95323
70269
75550
67257
60595
28943
76518
78662
93997
67381
8871
85617
40946
37338
12621
11208
37956
75633
65576
39031
43067
20070
76468
26380
24634
39030
48259
51827
20301
76762
46345
79360
79073
57853
78243
35627
12608
39567
50180
47828
32424
71795
68190
32648
27783
90099
96938
23517
75766
49139
94804
42327
70638
49571
21797
55565
43723
84237
32558
60197
87420
94415
90735
59548
83875
80931
80545
67650
87567
59737
10630
78018
92436
82630
19179
54143
3524
21109
39254
78937
12012
23036
92978
15119
11405
47882
53812
65887
60118
19421
1706
24233
31387
66416
16639
3185
61715
6673
95981
5379
62931
92688
80895
8017
18051
56499
44098
97112
45626
65478
32872
99521
15900
74256
94296
52643
90220
31874
69525
70597
45326
62504
32009
4993
5342
28193
17998
25477
26887
35756
66778
89875
98561
57848
75972
14279
16906
4734
18807
89945
72895
56586
10418
79800
71512
50867
9337
47031
84862
57004
58652
36100
88201
81555
99585
84947
14714
98567
40880
48953
1009
38519
36732
31156
1676
10006
52233
74120
13853
8394
63518
1892
33703
12259
30729
35779
76757
62217
50697
34351
7319
37550
95708
3744
56506
63266
1765
13153
12290
84709
5145
86964
45062
98072
43367
84140
18088
12397
84898
67095
77648
28508
24716
11295
68837
26679
14464
92966
16583
61397
70844
31119
71563
38827
78249
22588
22612
80281
11401
62801
71531
76320
2364
89943
14586
36753
25935
66717
51914
1761
29858
87193
55639
16888
15603
49516
58093
6057
63372
40804
62978
51164
82950
71291
20464
85127
7801
27420
62444
84731
29793
84422
81832
92859
60878
74281
85537
20615
38248
65581
46150
38134
80861
62385
48838
24066
89609
71857
88660
57213
48417
24258
67482
87842
43004
83671
55543
88710
574
82469
2199
29550
58050
7939
54733
50810
85219
81259
86959
94430
26407
4318
86062
34033
78345
50404
42161
7806
86881
36881
61965
74648
28722
52739
13187
86667
49488
615
74934
43565
37100
50235
9383
50580
79646
24046
86671
18593
46318
53188
67832
96601
76766
30070
1816
48245
62680
72694
95179
69551
64783
61776
53133
27677
90324
29835
6417
25114
84216
9039
83360
7519
80025
93313
27857
11057
97899
10634
47137
58804
31620
35830
74512
70014
12451
78807
59320
40774
80958
62954
2506
11578
52327
73553
7015
78768
15739
82143
855
69685
41799
16371
75722
65
45271
35932
6249
70411
988
27867
23384
5272
60440
52741
62346
18191
61993
10119
83009
49000
34417
33732
16576
20195
35774
79674
41551
87478
89690
94435
88395
44062
14737
89623
58119
53941
6778
40239
90499
2852
98245
54532
43367
31216
24639
69430
14108
12113
25573
55209
83207
68384
32226
41257
70883
85998
37350
56526
51226
94641
53894
42042
7967
8153
48906
27648
9771
82433
56504
9599
75187
3810
82106
25739
2402
66689
14669
13069
61784
36680
11497
65216
66367
39921
4168
2908
83845
33823
25141
90033
66907
92167
96115
64169
6633
62156
74791
59344
16971
85961
47043
6639
84396
97094
46863
30131
2654
56173
19990
83917
84371
57015
39466
7346
17180
44032
32245
78339
30427
24345
81502
13991
34022
22140
71924
16179
65819
6777
23578
36684
98874
86959
73167
16548
62308
13559
67673
75744
96334
85594
78381
36762
19714
9955
63133
44962
94386
64719
75774
86879
92505
47137
53589
87956
32656
96114
44382
64701
63466
85094
86297
20984
66957
7833
3281
86753
9678
86840
81642
13494
7143
29356
3399
5017
7063
11600
92149
98196
83990
96644
51895
72246
95219
36315
76878
87323
44909
92783
40069
29003
35914
25845
23223
53305
47383
75306
47901
19403
64637
4236
51192
63897
73660
50437
9783
94830
27335
57346
35398
39468
66171
69635
73075
38124
38429
26699
84574
32962
49711
61366
6684
94111
42991
35658
1864
94193
37037
51494
96295
67269
27494
91032
93014
1421
54626
24299
15122
72796
68422
58109
74532
333
54070
67054
5447
10916
63211
32564
55415
83980
99501
50540
85112
57632
45421
61899
50624
16741
20578
9618
41090
84340
80798
49952
38360
74774
86987
77473
75948
54504
12104
97956
93283
33373
15450
47147
71559
26211
64401
19739
43599
86397
71512
43091
68589
48304
23800
18906
24691
5466
72106
65361
34563
65372
53399
34055
46354
68472
42318
19147
47256
55861
42240
29820
71671
83519
66236
70813
55718
42412
89122
29220
52761
17657
35526
52593
9038
92723
40708
17564
53014
19186
83258
42183
2078
85408
47078
58419
61209
33047
99516
38382
11052
27016
39972
78153
99509
98071
77743
68840
921
76196
61236
46963
71945
70693
98123
23914
8624
4750
60740
60149
83035
14451
61445
21209
87206
84868
5279
45254
91647
42071
68716
41485
28313
16356
3975
24943
58576
27913
6727
31921
61203
34318
79193
41548
55635
52067
94201
93856
11302
74021
31918
38505
71928
32959
87231
76009
35760
97997
62646
40517
83290
64988
80527
7852
59990
68046
21244
55506
54908
20249
91961
54587
14761
30767
21575
29778
18603
83192
38663
73881
79590
58907
72180
95611
24640
94812
56317
10205
62447
47007
3966
63956
45949
1354
24603
18672
27765
47753
97528
22229
85165
18891
37144
54762
8591
36746
56848
62986
38342
17512
76294
29432
83905
62228
88331
8720
82215
94124
17139
61721
40088
79581
34733
65238
41180
65478
73667
67612
27498
52858
38288
15261
75127
19587
76696
12642
53209
14116
99177
72088
88662
78999
24524
26626
48206
96950
96296
84940
83970
33173
7539
9855
71455
37483
13942
29872
42987
12338
87676
66388
66091
67204
5654
36686
79310
85733
80718
66952
81594
48960
81030
640
35601
12842
65325
75545
40895
14498
41117
29331
85603
22426
54356
32661
49080
70415
45676
22023
89598
17683
36153
44892
65482
51276
9567
96108
72839
19126
57294
50655
5383
84963
39131
47589
42474
10275
11740
62915
52841
24958
36511
92745
16576
4638
90311
36318
48630
11786
18469
29948
24746
32109
20783
13497
93851
9622
74911
11610
55380
72856
77611
98508
20819
40561
70044
79789
71829
45607
58157
8420
55264
14478
53218
72049
40587
44839
97346
45503
61198
34339
54387
82934
33794
85541
79697
56397
62068
10053
75530
15773
43563
53840
49369
59473
61011
9549
95324
39738
83974
1850
70613
14174
81207
50773
10554
93872
91802
11672
1849
71419
40915
51323
34827
48823
32889
4061
92019
65119
94503
12797
95188
81529
44639
67490
11116
50164
83483
10875
47249
37552
92146
26785
62727
54199
97571
73272
31227
83434
46880
73684
49150
38934
7834
99417
23457
74117
18373
7962
67882
74128
70760
4259
71761
71314
36868
33778
27705
13144
254
56480
16942
54517
87211
95870
28023
20562
55447
69466
70424
80418
70866
1441
9800
73140
35319
94238
98569
4674
23929
54849
82089
18374
54349
36955
33780
89708
94671
30981
4788
30722
45106
84672
70246
18283
15239
69111
37754
47892
96424
1312
37095
78302
68066
22946
81448
81498
7165
40561
13399
63442
50570
82196
17157
76580
59560
43240
22099
41130
53202
59869
2543
61844
68904
44254
25999
51288
59193
5710
49827
90783
18954
21614
25978
6944
72197
64763
91700
42570
8289
47828
85983
92443
88010
94969
11633
85518
39885
22510
87552
25617
23363
68287
90465
50836
68343
62431
52987
92701
57141
23625
48647
97817
69872
18439
23591
38637
74224
95504
12928
24939
56215
80235
15093
20959
29007
18098
68737
40041
96402
98419
4560
74245
73268
79824
63003
91942
77329
94278
45663
79137
73647
554
59577
3877
77743
4239
74016
73897
91350
58789
76158
45406
44114
63067
42060
28803
87660
10373
23114
568
9577
20632
44376
67914
45691
50162
14515
34892
93674
25175
20431
78759
25915
52535
98094
53672
27707
82059
55130
63288
55467
88446
64229
8329
44775
43720
55034
68491
45268
28724
80479
47967
40102
67428
35338
85091
43851
27531
93309
91564
50200
87512
52319
2386
26638
1138
26264
43557
29096
19967
12745
80061
59107
66015
5894
67887
91530
5205
75601
18971
51101
19333
51861
33314
67614
25528
9819
96437
67641
57181
29452
5673
86541
93867
54243
35303
36314
23937
42030
10912
26441
89998
19649
41405
6386
40364
96375
85940
71055
52582
67719
96374
1659
42779
7903
89510
2213
58203
9247
86500
85495
55374
59924
3432
50910
41076
62063
11466
44853
89799
26753
74525
30290
62492
12694
98748
19565
42441
88044
14716
74889
68224
79950
61730
87424
56825
47889
72366
82927
28590
8522
77012
22107
29280
92937
39947
51614
74168
74807
8415
13586
61095
76520
38881
48025
34126
22076
62206
16006
62138
22008
75084
97420
89063
10011
71233
38242
4325
86944
12606
28847
80472
11088
40777
18263
31801
53249
81304
5826
41306
73646
53769
15749
80743
24404
2287
16240
74856
40295
72070
11827
51107
31727
57767
76238
89150
37218
39832
19827
73218
56063
13691
66522
76155
87300
66214
37345
31484
1229
60370
87166
41311
92266
48653
49954
77098
46491
92427
96652
94093
5322
28345
92167
7816
20230
56626
26113
96778
75351
29130
27017
43411
56803
46088
20707
88027
61436
16272
27596
97228
14691
86526
86885
78538
65981
55535
4958
71924
40624
23993
77344
76738
3323
27067
91798
84781
74768
39343
53721
69742
95310
66844
44503
42238
28799
34537
85152
16413
25642
85163
14700
14447
11766
98303
59404
61280
32253
1107
48363
552
58088
65502
84705
67370
3820
42096
76949
98166
89665
82884
27627
3278
82651
23283
22545
50310
19111
10946
73090
10149
88068
33115
66486
54376
36539
761
28614
54693
46428
94524
95551
73484
8022
97373
69891
46314
65363
46396
21110
41319
77550
48245
65483
48976
15858
86673
87468
36079
98992
7448
78592
48054
29692
18947
6172
71066
69381
62128
47721
15612
61455
46224
22669
50179
78287
28250
71385
51973
53506
60546
63822
49733
86890
36324
25549
29878
48678
93626
97946
4317
17069
35214
37740
37588
46279
77961
44916
33291
49096
80713
34311
59881
41066
12785
78089
68753
65542
49754
17496
74912
16718
42631
47090
88178
91562
81207
64484
17508
58477
27636
37969
24244
83603
66952
31483
25348
82681
97647
48432
20606
87065
41895
60852
64401
87873
48036
15911
20570
38127
4192
74131
36574
5419
38063
53013
89267
88609
61041
34053
72383
2425
38113
20995
89816
87381
39754
55616
10282
32135
55066
90214
5271
44140
14574
69477
3576
19400
96556
66300
66274
22623
54224
14272
88804
81645
3486
17163
79597
47908
26198
95044
97386
37824
11110
49030
57773
31112
79865
16080
32265
66274
35693
35050
59962
97651
68515
7598
31169
95507
38703
91386
31309
92393
79
32721
43285
59272
41560
77768
24610
6501
97867
17268
85450
50260
42343
31949
17847
64862
11320
75039
63398
44609
95694
12910
22410
38468
33032
7939
85873
40918
65455
12599
4511
61570
47775
49850
94742
80144
75232
33345
95639
63899
16627
47722
14690
31434
31080
27149
58970
52462
72044
38625
78436
52823
7551
39495
85837
9107
60227
52919
89451
19140
72081
9094
19964
81021
24902
60625
72171
4409
51131
68840
2833
38392
41330
17657
88791
95638
25388
43224
33050
90665
62871
77225
73224
89720
16421
41610
26182
20947
42136
18047
68596
21619
45145
98299
92872
8942
49288
5319
80055
58774
82445
92115
52146
40688
21869
97687
39309
29548
86360
25604
14747
73862
5919
7563
82389
82999
27012
96489
24313
79800
56329
32367
71247
20853
35626
93226
34919
12362
10631
52819
55038
9661
17145
20693
86464
75863
98342
91797
26055
31616
58416
77283
42465
27894
15751
70845
26800
19082
19423
28794
8682
90583
25180
1562
37441
73343
78218
7303
60125
47044
3145
87367
96229
96160
2309
13441
47005
29922
10595
15882
13866
84774
52920
92331
6288
60495
49076
72689
9340
34467
97403
17776
9309
84803
40052
99061
15565
55686
27547
83143
68302
50065
40337
44376
58128
22485
51763
99694
4399
99140
52392
29640
47449
35089
23411
40847
82540
93412
34537
39260
76926
73975
94492
96704
97623
47281
33750
68851
33144
95772
7874
23548
69951
94436
4452
64154
51778
91982
60776
89773
44633
22258
83127
18404
69912
36439
90631
54116
13402
78442
28202
82353
61657
57691
83654
97052
37626
14740
46821
12649
82214
24566
61474
8092
90642
89105
59812
76448
43136
2528
76904
50259
4542
6399
67830
64817
41260
1131
20790
20956
71516
64340
34683
46085
4562
16673
75613
66713
75755
4448
47781
21483
20858
72040
63329
32058
27532
8301
823
57631
23181
79711
97750
89589
98660
37600
9288
1253
64089
2080
90117
57228
16823
60215
37601
82668
9421
19134
4324
51212
72878
266
27066
95405
9464
14502
18145
47306
9266
33547
31168
47626
46318
9759
26776
28518
61006
1416
43058
86673
9250
95403
18999
33705
52848
69926
42847
40601
81069
32678
52097
63400
91335
36037
26665
85602
63141
69859
1671
23616
20582
23136
77668
6774
69446
41076
88720
97274
78239
6379
86231
80588
36140
59968
6866
9798
95337
22965
51321
16545
22710
62540
10902
50753
91418
69094
98197
12062
20612
58741
73655
30193
95725
63455
86278
52567
79450
49042
19427
1221
3165
82942
38395
41448
41882
28436
89496
78487
5767
88921
77171
19608
37837
87526
50631
69387
68428
32864
92898
1751
47515
29903
501
86703
82220
94941
99914
32545
19469
93324
17172
93083
63371
52564
83522
71194
88785
98777
46126
96976
53551
10437
91730
97425
74806
10311
88954
19194
79039
46887
81940
35039
37931
69732
29444
87312
485
89069
71252
28007
68996
81848
66505
35696
13741
88642
74865
86133
64469
86340
28984
30437
61347
99630
34969
60193
39540
36258
37297
3939
59192
7824
74064
83723
84922
57802
76201
4935
10302
65379
90057
93886
61122
80104
72644
67545
82215
31227
10090
66670
67433
25576
24377
81483
58953
20295
32524
66491
52780
50253
79249
87064
16828
37870
30841
66094
49292
41107
45896
8744
89465
92243
76300
14969
64300
94418
4874
58824
32380
77235
51060
31481
74353
45019
38102
83668
24067
35460
31184
88821
26401
5690
25086
86927
46957
59446
46547
33853
46404
87060
34757
7175
86588
96851
9825
78157
21382
82312
81311
41363
13650
71615
68432
27017
83762
57328
79700
27894
97047
53306
90888
8225
631
60542
2492
35035
5233
16603
91075
41484
80295
55169
81443
55128
553
38804
3789
95662
2227
87775
13606
88813
13804
79666
32804
21331
94287
8122
18196
3780
29703
76796
9656
72275
47508
62062
17743
8304
38442
53521
68396
27342
34200
80174
64552
72208
86950
45772
49234
29775
97239
85387
60325
58122
15470
38305
45139
33355
4557
19759
5885
10418
13753
15199
90564
33088
88057
40188
56858
6082
6205
70541
3474
30040
51772
59407
18934
88673
21973
94510
39926
32101
73527
2176
71070
50463
54972
90367
81025
15556
16848
81313
89938
45620
39536
15670
90705
95868
10317
86077
24514
1190
75951
26594
97561
67486
94838
66072
12658
71617
27900
88527
31837
35300
41175
46450
75766
44126
3354
16097
74226
68275
96987
64326
90166
29951
48847
58613
95842
16667
46354
90276
35499
21262
92739
29861
8166
14739
42795
66749
61023
76963
6974
46530
15593
10239
45658
14357
30097
83357
62348
27545
65003
29452
1523
84752
50158
96677
91004
22161
75163
61616
21196
64135
64056
18576
55068
27657
50236
62764
83006
83057
17571
99931
84030
20220
27360
75659
54020
70717
38802
41038
69942
47582
69487
94146
79387
25268
70910
63676
18298
43133
98209
93360
93472
37209
45775
2879
128
51842
54719
45181
42836
22954
83904
33085
10370
93936
52550
71356
87323
56638
84190
49895
69949
48033
64771
74858
75415
69190
32297
54903
51980
32654
48247
91918
96881
88846
2770
31887
11377
28869
95508
91193
30929
90778
63803
24734
58125
89746
51613
85765
10368
22347
36281
60379
89283
25272
95049
58936
90125
62042
17173
22058
38584
51767
43105
17216
13636
23065
54118
97492
33685
78053
46717
64757
3768
65047
72631
43024
77763
10999
47851
63419
67705
70458
82631
16127
64781
16695
9831
90431
90398
35683
54116
95689
76769
59948
9059
20503
10365
59375
84174
84098
96335
92727
19040
50053
5005
5939
87258
74985
25960
38482
51763
99506
93258
89853
70604
39749
43135
87345
90497
83636
45617
90903
79163
74856
85451
9154
58402
82986
56927
85125
63440
40910
27235
42318
28321
19420
33845
65123
326
31260
58495
30455
63769
97949
37303
67305
89451
36195
81309
44858
7033
8235
47399
60809
36317
75164
87738
39692
1825
3339
60526
5549
92718
60938
5812
24607
61442
63951
33364
56091
20704
83901
29998
44475
31714
16593
45058
6066
64841
39147
85484
18887
99605
8023
69255
1868
75024
49943
9106
7167
37444
61487
60719
22652
32525
55724
59944
69725
37961
59378
9773
45071
72620
29984
69400
95794
3089
43202
19922
7725
91306
74995
17774
70731
37464
58541
79027
92790
92086
71695
38551
96782
50736
33161
78086
13670
90385
53127
65090
30812
56474
76376
20676
20691
26510
51802
82369
86607
13802
23971
42089
22668
93490
71726
92424
71226
37286
89089
23951
66713
83124
33847
85741
81294
94888
27886
5558
34591
11614
58127
40294
59121
247
58870
94271
96795
63145
53821
47693
88230
73553
6505
18987
53123
61797
99856
5183
54121
75204
45542
50272
49354
38478
98307
70328
35505
16656
45042
2468
76091
56919
87640
13688
63887
27590
97695
1183
46842
32995
63519
2272
63307
36811
86248
40157
21032
64006
41934
52149
39596
41909
52145
48297
63166
3368
45095
56316
27118
7916
73481
47603
44526
19969
15511
13788
7594
90666
39561
89962
55110
85342
8979
58430
4467
4987
67379
49474
21198
47642
12314
65456
82325
26045
93973
46479
72039
9541
18712
18589
64118
8385
38150
96872
9803
66368
78942
34070
4247
2567
73125
60740
97586
58046
93069
24299
98546
45029
8927
21823
77641
87493
52682
56658
7930
85953
16615
81878
57434
42250
43880
87199
2176
79314
8509
32678
80200
25176
58627
56042
34794
2018
17674
82416
25201
18825
77089
21932
56315
6510
52640
71576
12268
89290
65265
73185
90319
39011
48411
68705
18698
93179
85197
42054
8573
97539
21252
99666
27703
87372
20313
11004
81909
15390
5258
66259
91224
87297
30179
28611
18722
42553
37961
67408
85932
3951
67075
82623
99175
19210
70725
10548
72109
15996
96282
67126
51555
20504
48461
34063
89358
42402
99252
36784
65582
16351
50970
84913
15580
72075
84424
95765
59451
90890
45935
78924
88286
48918
1972
70066
90230
35959
45368
45268
90454
86096
45539
22355
97157
53398
61837
63042
51839
17884
93256
51146
49001
31881
63853
78636
93327
6859
75842
9318
475
58757
64805
95023
78004
25604
6456
59516
47441
19375
39113
48037
41336
42845
43996
42370
33336
72800
26007
28494
79327
41055
84170
7598
12537
47809
78649
90603
56422
34277
7431
27642
72982
22639
51840
41373
91939
23805
98692
86723
18891
81271
89003
17994
82377
88837
39065
34661
97807
66906
38848
15416
75554
74446
49708
35168
26962
26122
15599
40368
79637
56029
94314
60950
89407
44427
33204
87868
53695
5860
55850
25002
88249
13555
50291
6696
38779
4365
24847
6465
86015
83209
68188
73892
5500
18575
87364
73156
425
38153
59206
59103
39760
63478
85663
28284
46378
86077
65461
2349
51132
97919
29152
15316
56302
53285
30453
13826
86852
2552
30928
89211
11867
10992
66334
74613
321
72516
63269
77278
37233
62368
61264
13949
86250
18197
83194
88657
38764
9866
69718
61623
80590
40816
85593
16647
23454
1491
44197
22813
56374
30508
84338
42613
81303
67507
66523
43535
54629
97970
22179
18899
6879
76021
68514
59534
14233
12958
69136
730
2744
40661
11052
61563
39913
48060
81705
89542
542
55808
18070
5596
51494
14923
29864
41876
36872
55447
22599
31959
8892
55677
4178
4709
55686
66123
5391
27669
32592
15380
99955
54745
20930
99330
15978
31680
44801
10854
65892
87381
20609
35248
99709
83652
25064
35450
72582
6173
96897
75038
97909
29265
7833
94376
58982
42329
28698
83335
14092
15286
50754
93917
5785
36788
58399
47221
86149
48775
39241
37268
98334
64471
77116
15016
2221
74520
24336
40637
15233
46706
247
36366
81082
78368
74770
32249
81427
57172
3376
29643
67981
55831
78820
40955
92085
45165
56994
69075
50097
6007
78327
93160
46636
71730
83234
69802
33083
10941
19026
60823
14027
74297
94749
46443
83722
17481
63833
3474
11854
6168
47995
41789
56773
39833
60843
78259
63355
55466
31616
48767
76610
81042
57981
77255
17281
22025
53799
47261
94651
29143
37218
79950
82138
90068
98503
45559
81336
77423
44484
66456
24970
75466
91856
73889
97897
55426
72393
28712
30847
57869
53708
52669
28043
94204
84368
94197
95536
92160
77536
48066
0
80681
49043
53380
27968
86601
53898
85688
3481
50518
96613
93518
65371
93231
38434
57561
50445
23318
36819
68512
25973
57596
22267
87601
24320
94650
2789
49173
37519
10875
60992
66975
96863
27895
25499
68286
6515
66778
72761
90865
1728
33284
72529
71322
55189
91817
55749
30443
73541
71832
125
94717
32306
29369
7584
99104
95927
74896
37326
4045
5298
18078
95452
27895
19468
48454
94092
50047
40102
71213
55977
25031
63075
93530
34940
84638
68524
1406
42382
25850
70948
73709
97499
58788
6920
55146
60495
78893
418
11489
71744
40575
19563
8205
13799
61710
84954
5274
53276
27565
33966
8901
55181
61980
88595
40191
78170
41663
88692
27600
72592
94347
27262
68248
74689
80889
67501
30321
29
28989
40502
48497
37359
52464
22639
46700
3061
43529
17694
76470
1949
30122
46749
59973
92569
91702
32007
4981
78207
17281
3330
58597
49792
72000
83177
32638
68323
97472
54324
69556
11837
18674
49414
94565
17006
57059
24467
52383
23259
90922
98060
1630
58564
39387
70313
18163
37250
48953
54417
6656
5855
88808
98665
25503
4529
47839
69623
54979
26612
71388
41649
82966
77859
47186
75975
26305
32083
39646
95402
87530
47340
37943
10167
84344
29893
42148
82692
21714
59835
94567
20742
28997
52366
38743
38813
90340
84472
92459
93564
89194
85226
88114
89400
33691
420
99232
36941
23496
47569
84707
89160
79249
27549
53780
28532
65765
69396
21832
26724
3877
90745
98886
81498
48679
5599
15411
80722
70839
25383
71369
4686
77047
36375
45318
11550
33126
88371
8129
36331
43327
29307
1399
45281
83160
46401
51652
87351
1611
36197
65229
27228
86578
24047
99929
27072
40395
16648
46144
55900
43867
92085
84892
75359
86639
34833
12188
84789
50237
6853
26232
1110
59145
66439
8958
58217
62020
28685
78826
54099
10190
74476
60821
86688
89884
26897
92613
61965
70229
53467
8354
4143
83766
71475
92808
81635
36245
99050
83992
73907
25827
36269
86633
53026
56491
13383
12540
56756
37463
87124
62285
71293
9393
95357
43141
32069
4775
58036
78252
86100
11560
94029
16668
59583
48491
17304
32849
62927
30862
30967
4509
30155
892
82304
74040
93026
42696
47920
88052
1015
58582
14602
84558
18921
4601
30155
79681
76605
94295
93771
94164
75978
168
6483
88084
35905
15133
61461
56636
82711
53278
47276
83696
40913
17228
42321
17738
7371
81061
14231
44843
6117
10917
24516
15219
26794
18378
49644
71116
30
78128
13963
70848
60323
31994
19775
23180
47528
30546
82688
26764
35215
35144
47613
50517
85049
46583
88212
95617
69969
53061
32974
60901
67089
74985
37685
9023
7573
54726
7506
10443
23642
78262
9959
1973
8146
79970
30342
61576
33736
29581
36140
64037
51242
47985
43262
35600
37688
10305
25758
9348
15463
97965
47274
63206
10450
39684
86577
72278
92541
52308
31571
4482
72999
78893
36180
60182
31437
2563
64668
57230
29461
31954
42254
6796
2813
39612
88195
19876
68096
45774
52194
86964
59490
80481
15615
96945
96057
52667
62317
46813
18872
6806
73825
88885
84504
83897
69189
72871
65669
91522
14389
60672
44675
43205
38361
18499
54108
59662
74399
47638
1447
75906
39349
91191
71445
48387
77120
90828
63899
40051
99132
82295
85048
84144
89969
38216
1506
53950
92174
29324
30353
27682
41732
70148
3015
16042
69474
92944
31354
46890
42120
72874
37216
45569
82282
4240
29014
91162
80099
94905
47501
93902
66995
4136
12497
33671
63287
85886
61463
24864
17732
15114
20227
72200
6559
6044
90899
15781
94651
73143
67948
20053
88976
68132
20767
77423
24437
34691
8855
99272
64731
79901
46721
34738
99813
73525
53368
10431
5223
90108
23565
3683
25370
41380
89072
18679
18457
54220
33181
29818
32539
51482
4997
32434
12237
52200
18744
25488
48299
2741
8108
28241
10907
58107
20013
54369
51943
92096
59233
62811
18517
58758
56598
98827
82596
37854
35243
15316
53829
85466
26456
30253
69652
34495
67098
29958
15377
45721
62111
68264
89727
11048
18410
79739
54681
85913
85124
17409
37420
31440
8512
80223
22581
87552
12552
60700
80727
22525
77929
95106
85464
23720
2680
33378
93370
68778
24351
72948
64145
96572
29481
46747
54278
63139
48965
83655
22695
18713
71962
77716
15752
58182
96712
6160
19418
40782
80598
54458
23462
2339
65950
10662
44391
92315
30321
92189
22273
2589
17032
59585
39618
47637
30792
92942
57203
18343
34833
37467
66042
80160
34851
86208
93136
49319
3630
27634
76506
27123
26804
10538
62886
66902
15645
28035
8676
23447
14999
36706
24702
74014
28136
31248
60886
76232
47634
54211
28954
23226
25089
89979
95750
36626
98708
97256
53879
21368
86885
62696
31975
36244
79639
60174
37290
13210
61179
5022
24516
14848
37663
83797
52901
49264
22356
65094
33666
26872
90266
73535
64496
16031
10922
51530
3231
65874
50143
82799
39954
15165
37954
58935
33111
19541
1201
28555
38183
28785
66636
34139
72507
633
55772
72794
49032
22135
32927
10151
21369
46506
60340
16550
70825
76794
48063
34125
13177
133
78842
61403
44404
94488
29945
22754
29852
49913
20600
63909
17488
76929
54307
99005
82557
47335
27553
90742
66782
32792
94782
30774
23857
47682
99508
3549
5463
93871
99030
46951
56008
30672
60088
85967
87473
2223
62462
59630
87147
40134
22239
91521
69209
34701
90997
11752
92094
53422
52100
90731
64824
92982
29349
77271
80541
25124
76431
71910
49648
98147
59008
25597
38176
15700
25933
28142
4702
61157
63620
45150
34072
7550
43418
87329
34935
85850
25110
16673
22097
4818
26872
63390
30348
34357
57416
61999
11984
63764
23191
10791
88840
62713
81428
14770
84853
39096
10221
23294
17742
99614
91039
7031
64503
82918
10493
74571
54877
17419
99993
7596
45484
64727
8466
54291
94574
79577
47290
46274
4096
54901
97538
58946
42386
17398
54468
1067
60346
17727
94829
79458
35382
7263
69861
54268
76444
94498
86236
9185
20736
2116
81587
60556
89666
8768
72548
67215
76432
32743
23727
67347
16351
44
59939
7516
53346
16188
93605
84779
46437
94188
98943
8478
37289
44682
49864
51858
61019
34645
21164
86377
59635
69897
98808
45606
80518
56050
77060
27796
1897
14626
44861
92551
59651
39229
90926
18778
41933
33969
68746
99863
47496
98276
22393
10454
18779
5126
81373
91709
64712
48837
81471
19589
21770
98014
79995
23101
6061
29201
59173
53159
84170
97102
92726
27969
3870
21740
27031
46078
86406
97913
31048
5651
37176
37259
77294
27534
71137
9908
61207
23584
68567
56244
50123
75227
11706
72040
83857
2774
86956
63169
82682
14637
14121
33328
46255
58053
87749
79293
84178
20686
2177
68310
90675
28610
82826
60548
26578
34666
21070
21402
62827
87903
71451
94631
37251
10605
43510
50890
81197
50804
34005
75685
57530
51752
44282
87115
51515
86937
21996
27155
16020
59949
46483
19470
45182
24904
9584
83989
92601
99694
7607
44379
85581
86559
57578
80449
61819
71425
72243
51881
76421
61564
77885
50019
53142
35902
32143
58051
7119
10686
31207
51379
63503
71294
55855
84516
22366
60298
9503
39488
23575
96766
32591
41179
26512
90180
55510
58664
93543
5049
80100
56136
30763
95601
53176
48573
22275
16113
62559
38524
14175
76795
54410
23969
1017
28487
90922
53084
77511
43564
8587
33322
64673
23678
15914
69823
98313
68945
43060
84126
35259
69787
42685
35915
94483
45816
5562
24311
67734
78023
27547
52027
94238
56370
17128
69568
77541
80203
83191
81979
70509
75345
76968
46134
83177
37938
60829
85001
22668
57962
10969
94568
61772
7146
48051
14870
55250
71764
18743
41015
17697
90595
85209
70531
15201
68967
96663
78326
52487
59789
38219
42372
62787
5246
29705
61738
69381
96766
34683
96607
87980
62548
25303
13258
17389
46570
93977
21293
95484
45802
15458
27839
13114
11336
10637
80440
74492
72959
91594
70277
26547
80179
38873
94427
12349
67894
74500
48296
38696
99462
47161
58437
46014
49011
46755
43272
20882
54910
58148
72405
485
49117
43633
60948
50868
64796
42282
13151
39266
57597
68148
53074
20062
62688
39573
18597
37681
92637
78956
6677
25862
68302
78538
61598
58454
75338
32305
60613
10895
32844
62919
689
40928
14194
38518
26618
8195
63201
85732
55002
72840
82374
10794
51361
24378
83672
62516
56100
30705
45049
37588
87541
16851
46266
18018
59981
82375
7390
26484
46118
17016
61687
41910
13158
38850
17165
775
44117
71932
98493
31184
56431
40130
85374
15105
62197
39101
22367
99337
87838
20369
91115
40145
4524
52740
67887
53974
35033
3750
24050
2306
50799
2113
7843
6854
74422
28126
49297
87030
41129
16305
78387
61025
53218
48387
24456
35787
63892
96794
26584
80169
91671
3527
9594
6968
87229
5867
95983
25210
23395
60807
91531
8142
32676
34110
46836
47082
24583
45609
54722
96248
34233
32728
33831
87467
86933
46816
85544
62525
18176
22629
63241
35558
87185
42789
59751
60251
63021
13502
33407
56832
34801
957
44876
82507
10696
41604
95918
27383
51741
98519
49189
37761
47466
79204
68604
80291
72078
30668
38211
79915
76734
50674
1205
72951
58834
80735
15513
25871
60384
61776
33379
6206
32838
40157
69434
89263
8384
51750
15317
5920
33914
49916
52222
95109
3232
12553
80312
8284
44177
38813
64029
91689
30129
73238
66400
78734
48317
72043
87698
91240
24730
16437
48352
11752
56902
8666
42361
20716
94448
11992
1709
14042
37476
11243
69488
69656
82110
38363
61886
21739
70912
70244
77497
45387
77439
97795
41806
20383
61815
31962
94422
40890
74014
97
32184
49937
23382
33834
21259
73975
82300
24878
64794
90744
97566
36600
4928
38254
7850
49422
34226
30403
64353
94072
3388
3076
72874
86031
41603
39582
28227
19075
72426
33625
15858
83592
11665
97005
15193
70910
11095
91428
44776
68604
83520
44430
91500
7737
86609
56091
83014
76214
12184
22489
1495
47627
99497
47114
25815
16813
64803
45440
70373
99800
18322
90104
2584
93023
27693
31601
21619
58317
78239
60007
65751
97943
41635
54865
94163
53472
60712
59123
33463
44136
87220
97376
15078
7922
33925
15599
61482
51409
19250
82329
30977
14
36177
3757
596
76184
31345
7536
64617
88233
59143
25524
61678
30897
12071
35124
8150
61730
46408
42505
3489
95607
90570
37484
9075
69473
24115
89225
49478
84271
79828
14172
7835
20185
84203
64010
97676
88457
45826
36639
6237
48807
16148
12959
56369
11968
37008
64555
8601
56818
56982
7795
59783
15127
40382
12082
95393
97355
63128
73226
96753
65243
13262
50653
80248
53964
60485
35557
71779
38085
54371
88913
13590
98043
36970
63708
5572
32215
36642
34571
15617
36613
85621
82371
62415
37468
85716
36613
53364
66501
95095
48967
71949
60169
55362
22576
93691
19356
85923
17232
83292
14432
84855
4666
86677
96728
17804
11487
78571
9578
19297
81799
97713
93231
57450
95054
62875
26106
52752
62074
77744
61762
55893
69685
79711
42670
38517
66443
82921
46172
28104
38688
96092
79407
85764
23951
58239
36563
86335
93435
54985
3981
83762
99476
99085
75363
7864
5705
16304
67493
36918
72740
67738
47863
15830
76806
64490
97277
4331
56287
91684
41474
6041
87626
69222
89028
2636
60675
74713
60031
42950
30694
44003
82004
72023
3493
67097
68694
81828
72774
6321
68274
46282
62999
35349
47288
71196
44079
15252
906
66505
81218
43442
60351
33945
93056
13856
12757
9397
43082
34727
77361
43750
27826
37053
47156
16117
60335
72762
16092
43122
78618
84036
51987
9105
4296
56646
8185
35950
89443
50623
99337
91569
1031
10583
71050
80460
51703
18988
50260
7458
68089
21291
75229
16226
61845
82907
68767
51728
69669
94962
6824
84421
70745
17771
27902
81709
93066
91407
96557
35086
248
3056
47566
66344
82115
18293
10965
66936
81506
42415
44055
14294
69156
28011
37014
49439
35361
27040
94731
91309
41531
79432
74735
83809
99190
26155
37318
53219
37841
45686
74696
94368
44449
67083
39501
61235
60489
10450
86037
81150
16375
55981
75121
68855
50846
28042
91281
53344
4875
11793
11915
65838
28166
16189
43429
25643
67943
87336
94015
19799
61938
37342
40384
68234
25969
48468
90843
18612
52429
72177
42781
30085
9801
85034
85206
75496
18683
35180
18978
7082
24135
18770
74067
75161
1401
71607
35133
20679
64255
80613
49342
2926
76129
69900
70567
96749
75102
59214
76715
51504
59524
26999
52899
73551
99851
73225
67643
33933
6511
11478
90749
92768
95337
41223
11992
23312
17385
73529
8332
41496
54833
55143
35093
55402
68785
42082
22034
17103
3194
95230
18705
16428
19425
57958
68632
31456
30195
74224
1202
22186
72111
63210
79317
85543
66213
16916
9324
78777
10505
67367
40838
35171
23443
82003
65626
11408
67894
262
71156
69556
74139
81864
81377
82058
52921
37924
41651
22877
99795
81345
1521
98242
68303
87151
16446
12770
38734
52604
9637
37974
56429
41606
61758
73259
62807
82379
81279
6053
31236
93884
28866
41567
70963
29136
32655
86512
22111
65620
78086
60521
19585
89761
31915
74843
16898
17766
28750
36790
89114
81956
43861
62733
33514
91577
8777
60789
4146
71827
5754
40843
65040
39206
76464
93813
84887
40377
62735
76000
86792
29083
26278
93353
14159
92851
948
27448
92732
93909
48887
21287
97532
27664
67026
70048
2387
36292
68922
64324
51961
64305
8318
18664
67022
51434
60305
2361
42875
83400
19702
81152
35463
7548
98790
55553
95858
94780
15616
73437
59601
10079
89262
39448
91047
47940
84495
14069
49309
55307
62887
925
91038
94151
96320
22782
65201
88939
7322
33680
12371
29538
50838
72819
16432
763
76187
14580
2110
93697
25059
4622
32630
36232
42054
98445
47184
3555
54817
87662
98651
80531
27298
95235
31414
61370
96178
67251
48397
45742
50367
23229
60883
86024
11589
92028
61784
78492
97913
89094
54215
93731
34354
72751
59839
71221
39860
7595
8812
92914
31130
45137
40097
57119
40543
64763
9204
13102
84809
56745
41559
39733
5203
64869
21678
83681
98454
8481
42258
93924
82099
53405
63041
22217
90591
28324
13791
15720
77260
10006
41453
9557
28240
33857
57668
57427
15731
89640
56206
33926
54810
85094
58306
52934
93803
56683
38234
6991
63997
84005
47698
48086
18014
75290
7103
77590
28352
45106
67850
15271
62177
76145
40264
63920
46485
26882
87927
18772
68018
43279
45495
1288
97368
77836
61826
45476
1051
41268
90890
26648
23086
35628
2189
20054
36494
24003
72023
64269
47208
32539
17109
49846
38856
93601
92017
13063
37631
97207
83791
97765
81776
25747
22147
51638
22711
69697
21228
90804
94102
67844
89681
78270
8542
99833
983
78984
36662
80828
96956
7283
85099
33860
275
13656
78997
69705
37692
5597
27553
45862
21983
46570
23200
5209
73477
80885
94507
64456
59891
86489
75153
83422
324
92645
67071
31026
354
63825
5099
99688
641
39404
58333
77521
31640
43376
93563
46702
57373
16343
46351
35122
48795
93159
14391
49509
37234
51785
52744
75012
50220
66135
47808
60262
81656
35667
39207
35770
96548
12148
11425
74092
94299
33435
28275
65254
19545
83781
59919
27891
72103
61593
49854
63007
55032
25249
71112
45690
65663
21173
1507
15035
96618
21490
33206
54273
94591
70858
95881
55701
6705
3829
29035
99403
94271
39718
69247
95207
76681
67192
40708
52797
752
91527
83136
4529
54665
76347
22152
60604
92926
39550
1583
89040
84994
27535
99752
66995
53358
62415
89817
88103
71580
41273
46718
45226
68671
54319
46775
9145
16893
68719
81584
48719
84779
10404
31659
63404
58083
35609
52107
91345
60292
21448
9727
62983
71430
24945
91658
3935
97305
838
18283
4212
94841
89763
56366
6764
18384
39611
78798
87294
29352
4237
84325
13070
68011
55670
18193
59700
1881
6975
66021
85690
75493
39095
57353
69764
99021
56476
54735
85545
92404
54611
13236
37888
87805
41783
31566
46166
93958
77422
60056
83611
68159
87798
77047
6685
9733
8607
1832
5933
87712
43058
73673
74397
82677
50383
45056
95242
75880
62613
79244
89143
31315
24345
10118
90255
16155
55930
2419
82028
43061
9163
32969
96117
90389
51919
41563
79809
54670
78371
57379
73819
61323
28309
95724
37022
97352
19315
54553
80927
28494
94654
5396
78058
32329
92158
47831
37413
52104
3438
80977
85233
79377
53815
56277
41166
91326
56219
21477
5278
67096
68520
73175
96642
67950
87885
91393
95936
70162
3464
12934
41766
48944
72605
62269
8904
73356
89860
41690
70470
79479
89305
4923
6601
82061
83959
71121
11852
86255
95422
22025
29911
58328
15024
43766
13222
15198
11196
73405
62120
32006
84850
8925
84259
53956
76854
53016
11605
51822
78735
24035
71350
87900
15615
80934
59929
32991
79660
13936
95057
9563
10173
88762
67696
76450
59617
84790
82091
94030
50216
77172
41849
84346
49589
8624
70490
84989
82763
57148
63892
50693
13541
76070
55513
50700
84866
11685
85893
68218
36637
77733
50627
74870
66394
28941
91054
22122
41789
75401
33493
56306
68949
68185
11512
54496
94613
57845
2607
54736
49186
95451
20330
46755
19976
56279
1395
95706
27272
89838
58768
32625
72396
16422
34724
68821
35580
95381
33077
10275
95304
68197
29960
21503
14821
5537
36968
61518
83157
34879
67686
83728
80703
11978
54043
55837
23677
72906
59336
39643
55476
75666
86590
67033
19359
54119
19898
24140
92676
29384
71496
10723
45128
15997
44584
36200
59486
88928
44686
67222
61914
87970
3043
83346
43780
85980
85673
89479
72552
54900
18300
84578
6763
41672
70484
65799
65016
99130
24743
75405
51383
66135
38092
98173
41567
80581
47865
62754
10595
49225
70126
50349
59656
6867
23818
65417
74903
77255
59643
81237
30765
44904
50196
92451
29039
68130
12150
79437
46363
79284
72977
43151
31514
64569
62660
62916
31314
72754
65088
38976
9336
20625
57898
16807
29283
15556
18176
59849
73435
99548
89395
24443
64175
45434
11986
23539
74438
71029
9447
58816
56782
53002
45755
37155
63761
36192
38644
20238
45573
78134
22143
66999
84482
23660
6473
69560
73230
93419
90311
11687
6580
47506
82645
61357
81076
85214
9051
69350
32915
48245
67436
44372
60019
21583
81640
84287
10174
78241
27106
42125
76028
28743
47419
22202
39364
80749
81005
10804
28654
39579
3780
88086
62599
82491
53862
69311
49918
38696
49044
31214
24411
92693
83048
25821
98383
49942
35230
77431
56647
91343
15055
22294
86138
93016
78489
91325
48194
22473
70714
38383
52327
96488
72635
75403
18007
39244
34986
98245
33970
16684
40639
62497
32897
36298
76032
34318
22502
25045
32480
99901
35567
34207
59298
63517
75684
80797
22971
81589
65184
64756
63445
41789
30717
82118
69232
59161
18440
58712
2308
19698
24979
40959
33729
36371
13449
33895
44471
54173
35420
69952
19282
85415
55066
95525
53821
16502
78750
97578
11623
24405
95843
89345
33954
8753
42612
1513
96200
92244
57150
7124
54424
29084
24583
77428
20863
31927
75799
55937
1170
83357
56372
97449
57687
20841
58445
37492
15396
71893
53324
64659
34527
1042
97422
78853
80196
64129
12335
14118
93317
93137
36350
39476
57292
8469
6480
33151
10939
58433
57264
6668
32725
29921
84436
1062
46197
2742
90186
5602
43676
54766
98674
55853
38696
30175
6949
42516
89696
86655
13619
15055
57612
85219
20523
14667
87521
77234
64723
79188
84283
65222
21207
83803
39458
89918
10782
52937
73231
69411
75800
93696
81256
90485
19059
49162
74183
91856
49357
41793
24985
25313
49604
21242
96482
66111
61897
71407
77373
1352
69811
71911
85377
42553
79472
14627
83584
97705
34582
24648
76425
33858
55416
91653
15533
87517
95092
29600
3487
47962
89545
57633
98868
24377
16198
89690
97801
50776
32349
41297
76228
8777
65622
32844
13331
71630
7648
49944
99985
37620
11170
60150
2407
79722
69584
88323
29583
42556
52377
54146
57587
17296
64541
43112
41716
51836
92508
22403
47527
77378
7338
53512
95513
30762
39550
26968
82708
186
15113
16206
13337
95348
83716
91783
6989
7180
78691
91694
47665
78949
6982
71620
87977
10695
92301
99497
89406
32734
12747
70761
13342
70546
45588
94886
51873
45503
80656
15901
327
99920
9810
78328
88925
88893
83649
8432
70303
21662
50933
53372
60567
58379
69822
19162
85443
89970
97086
70393
94101
38707
48855
10145
61332
85627
51615
94303
97567
18780
16688
42257
77842
51397
34140
7850
53313
4643
96349
99427
86945
59988
53099
8383
29222
91267
17190
57272
58375
19557
22163
44843
77694
64207
43780
63101
36811
57522
81168
27913
79928
45044
738
90759
11223
57964
62892
47322
65064
47642
30172
32374
3767
59297
57063
39435
68162
71361
81826
30515
61464
23765
48400
9332
37020
26214
18998
27347
31017
83338
16938
19702
4400
34557
62313
13235
79676
56314
37703
78138
8151
44118
48866
24955
67269
75993
85583
21910
41838
74457
12022
52318
34873
38613
14650
76040
26324
34284
67280
17718
57233
24087
52593
57242
44874
53801
40746
95785
24036
21474
12593
70143
98929
78346
92850
85256
399
34896
37319
7762
73487
83199
85862
64493
61104
52922
23892
61883
9738
98548
3351
98490
16550
58446
12490
39275
90314
8174
50313
89822
68499
17496
56172
32796
50395
12588
45649
60528
39898
93820
2098
10291
97672
8711
75253
2612
46784
93047
42370
9216
72768
79124
32495
42227
24014
88259
63351
22107
4085
30782
76746
21764
83469
79057
63038
48102
51896
43246
72835
38120
86696
20110
40947
25935
47390
52773
65096
21639
24045
11328
9640
55436
52861
18750
78940
82773
86028
61512
98110
95966
72398
97167
23697
46481
73493
18624
19946
23345
2349
21862
89771
5794
31326
2748
70833
89624
79188
19661
73187
60122
25883
5610
29035
80722
30851
86023
44769
11125
76515
32595
40643
45705
96282
42355
72353
79384
62929
66426
84948
74640
95389
79622
85519
80564
96160
72633
79565
85410
20271
68530
7018
97345
48398
58825
3630
19143
41495
1860
32388
79909
78809
40024
89960
55920
56317
58559
7359
25101
33732
52338
17537
13944
56141
355
57297
45968
48882
27610
49197
90659
35378
62634
90496
81745
87018
71279
65205
33439
43004
9255
81159
85339
8049
68618
40019
2311
55482
9671
92367
82916
46514
53276
7284
64988
80864
29745
86646
92460