66854
96777
31755
17623
72054
90257
33265
78505
20448
61207
7920
60773
18184
15906
31083
62556
13085
42690
75358
80467
77146
6153
34383
83691
66575
69290
41379
91724
75385
59213
93230
45166
2094
64780
51842
88388
45653
29389
5768
60965
32625
9724
90189
22520
21471
80515
2515
85915
22421
53577
31209
66864
61322
14981
92661
75589
40436
1982
93229
69407
84749
22209
32901
81282
87247
59005
60322
93343
2398
27998
60109
96506
4389
27204
82211
25238
49528
93215
90218
7616
34328
83017
21502
21877
80566
54720
60938
55377
62479
15263
53458
7605
36629
57145
75980
79028
19150
50481
41583
59706
43925
64088
88867
4729
72927
76708
45464
7474
11032
43945
91731
78877
29068
40246
96483
90356
14977
52271
88370
18498
47105
79043
10327
71843
21206
98313
18024
7448
59278
40604
5260
76075
27518
15664
11566
14585
14563
68591
17230
12256
71363
89333
28370
64358
73042
34660
86042
59651
95377
32005
15441
35501
73009
10044
99647
62302
40309
96806
83259
80900
84788
52466
56798
93093
98590
75097
64211
4748
11798
66619
15594
41044
26430
14776
55468
62704
25329
41031
46120
67605
47305
19254
21004
89669
79712
42335
34160
23801
3252
64132
6284
54474
31268
28999
87849
34300
83543
31592
53749
30247
83996
29115
30544
51747
57867
84037
36516
54127
72234
60691
75729
62718
70092
17399
15846
53567
31381
36512
75468
38056
74968
66709
13980
86558
7393
69070
73617
50180
4974
73008
79032
60797
87064
79810
59364
35071
91312
26992
84670
36982
53732
6044
99257
76530
3520
40635
10147
97263
73361
20307
33752
16127
98118
18735
33137
59414
68591
70397
22746
625
55367
74021
92800
52547
9486
13734
9897
36830
36047
94766
37342
9627
87105
97397
17507
77094
29544
53047
25576
21000
86811
86092
95576
71250
53024
78758
29102
83236
58836
39335
34151
74935
42183
48924
70418
17069
57475
30905
17284
91283
64205
91378
12617
41263
64229
79348
56725
1964
47144
47006
83160
83072
37941
7231
30415
11990
57004
6253
21079
9180
47921
94911
22749
78603
78864
29128
83153
89166
67291
41553
61273
82194
69455
1713
82402
71721
27829
22443
39185
72282
62116
60580
70391
55912
90755
5664
37859
62941
99628
58392
93873
60468
18636
72442
86720
90336
59816
19774
59969
59227
55737
79008
46060
18703
12408
14238
80237
14683
57844
7919
66235
20963
17280
50622
45737
24567
79818
74819
44598
38461
88454
14108
20863
19613
361
37741
58132
49386
64945
28209
57639
4392
17954
69659
31648
51486
235
9230
87470
26330
20423
77589
55609
1979
8704
41343
95347
29727
17582
70107
40205
96777
43260
69164
68965
35630
3499
33610
64284
541
35600
44533
17478
33321
10553
77878
44091
5620
34766
87027
57866
24601
21362
57999
76717
28214
69384
57500
39736
7860
90674
69214
95403
45237
35348
44061
25511
3705
96567
4230
3229
67533
41706
71999
95810
64369
65699
4229
2655
71971
92899
30980
20580
59405
27832
93138
89276
41352
42716
18600
25372
68364
8986
38334
37366
58645
93584
77410
61834
97555
87888
51829
31899
65870
73121
11362
15647
50068
41475
80668
78705
11521
93744
28658
85089
82506
27261
86002
12618
95878
23424
1368
4612
57113
11019
78896
5616
85214
20918
1328
18769
76144
82651
53003
52058
29621
71259
62387
77634
2312
86846
31598
69620
38337
32664
58580
44611
1059
85318
68834
98331
73218
51800
79582
94867
55151
3785
360
66846
61826
26697
51353
59680
22947
42684
94747
23326
61269
17627
61061
53838
29247
41016
82865
86190
97239
65566
18843
81488
49069
26583
11160
35475
91762
81064
64881
62605
63780
11799
57147
92100
35159
69453
56500
47292
47009
56181
99067
8618
77281
66404
3148
60935
23821
98323
54840
26113
52824
61992
21277
99979
40604
28787
25671
89941
99849
41428
8578
84694
41130
56858
26107
78405
75760
35621
83954
20744
12765
44749
1886
13955
93103
77340
83325
67186
80392
25782
34262
73554
58710
10329
80333
48441
75523
92575
28258
10982
97339
32000
71751
3763
57845
16085
82716
12647
65281
75895
11081
12808
844
94854
89719
60685
89395
81989
89835
9618
62978
44259
50304
86693
68967
20757
47360
36221
10615
22942
77663
55530
5564
74800
5396
42663
40731
10764
68756
16364
58430
91974
19373
18272
81282
42948
19580
99244
99455
64741
14731
61355
52527
11358
91019
60381
15293
33152
5033
19803
15948
69845
22096
28740
49505
45673
66140
62006
97134
38853
56822
65497
1723
52022
66641
67893
64883
88780
415
10051
61544
91647
1392
61985
11236
71724
62377
78687
40846
90013
80125
36503
78389
96839
23595
9626
57532
85549
58387
62340
82018
5570
89974
21873
61549
21931
81161
88106
19826
58594
6837
42168
25091
76055
9519
63481
25877
88913
85807
73359
69005
96114
94415
38230
26823
43481
22050
92910
85955
3073
79310
27510
27532
48615
87399
10714
23494
56105
15818
82659
48180
96521
85202
90029
72739
2737
99163
86326
51830
44688
85489
39473
59598
92226
33939
92922
37238
64814
78858
99621
63017
43113
55680
79951
62432
59577
5087
71510
53820
56884
91495
81765
27660
42342
79402
9831
47228
8944
64936
13212
19770
56366
3459
60777
51014
52049
92862
65930
55733
97323
58359
2019
43234
95690
34493
11764
32370
34555
13456
60586
46658
77136
2356
49650
98831
68252
79825
70217
90338
7610
9387
5519
94006
92398
82456
84666
58951
74979
50147
3655
39769
36564
58077
53739
93762
5382
16378
9479
6261
20978
15535
5018
84300
87713
8486
55856
48369
18351
24731
46393
41385
81938
97367
24660
24286
6004
62118
47114
6343
188
88151
49975
48150
57612
23919
81442
43933
33731
6315
20014
18110
42689
96560
77418
48622
75499
55824
25059
86822
9029
77628
13945
27654
7676
47680
10798
16549
99750
59264
45339
95449
53024
44013
91965
65599
63543
32419
48972
66824
60483
59970
65037
94913
23117
46823
73021
47485
71730
52647
32397
77153
97471
4232
51502
16267
44892
76795
66434
33632
95589
28825
23953
80305
94483
52025
60413
94313
25786
74284
35853
54806
19595
98293
74502
87313
17530
52424
38456
59563
9018
24286
42740
3062
94724
92722
94044
90702
41078
10652
62770
94786
97496
41575
12626
77571
35706
20688
59644
78215
88985
37693
33577
63610
21248
63000
5087
84451
77963
39143
39295
55790
28775
36970
64636
22683
46869
75472
95046
37794
89294
30293
83652
37856
94144
75196
42624
79619
57431
82501
97405
28783
47607
62092
9059
81194
63333
95038
10491
66154
29125
86104
91862
44889
97213
1790
29959
14882
93465
8532
90225
28571
95752
56668
12411
67694
41604
24045
82177
87782
25295
29389
15140
67219
21656
71595
53185
50649
57885
19355
12990
8507
73195
76207
70304
28224
57280
16974
55547
39871
28690
19891
35521
5805
552
81829
19804
63456
96774
36718
48822
84318
62918
86267
1973
903
4129
13487
10981
16028
99822
83460
43213
37450
91137
30815
28867
24023
89173
70159
95931
27016
39748
50082
63034
36460
62578
57539
94858
90377
32714
39603
91526
4417
86240
4835
70709
81600
9462
78220
98771
89509
83322
22412
15755
6827
40204
17694
95649
55634
88542
29908
30891
97071
95156
25075
62144
18029
61066
81226
62345
21374
92149
41072
68020
48802
26466
62810
23207
67122
89946
71670
84721
59722
60519
59368
54780
24465
46064
74014
83455
74566
4224
99121
40336
75145
97701
41659
11286
49762
59445
37455
41277
10290
84490
99641
22723
47317
85326
46899
8591
30161
55026
87137
74593
17629
29592
99851
6404
51761
76656
37204
39424
63910
77311
53915
83181
3497
18108
34158
36802
41441
75157
4037
57322
93210
88334
60194
29080
41102
28009
77699
70834
19632
27745
29601
93608
78292
50704
59689
52008
49406
90545
39925
95402
60197
23392
31814
98150
30596
93373
2687
2310
21629
73391
15553
79893
26954
17605
54175
79639
41538
37336
18333
5522
54724
82060
5130
71626
16418
7701
88567
4555
397
89014
96531
55199
53753
97893
87172
37503
34605
91339
39108
77990
32522
83143
71382
29505
68214
22098
31363
93379
16579
11261
39478
73301
69568
72022
99024
44555
48732
95754
10888
95153
10002
36996
55555
33540
94902
71892
26732
59165
3002
36171
65456
5800
73341
59202
70328
58867
26353
71802
8452
1602
39399
68797
35425
57087
57913
23588
64390
91790
32020
40307
60369
20607
15712
40575
90841
82845
91246
9263
83471
35427
32157
3840
88310
28238
99496
93506
73404
6126
54959
57376
81908
52950
66305
15613
47474
55826
68419
16410
19586
18808
89760
74676
33829
15800
77932
78858
58697
69805
61750
36060
50467
36405
66698
60270
78220
47645
33825
92556
24021
87254
710
23464
57640
80644
75077
87231
5661
9460
99953
48378
56086
81453
19826
48945
87768
23552
58634
3113
97478
25338
2019
43933
22235
77240
56951
83962
52484
12569
84538
4197
65528
60591
43816
71000
10357
1423
99879
15433
59576
56649
98457
4619
2392
2545
83616
44685
86847
85531
35469
95937
89414
75142
68008
87672
94188
76527
41686
69640
13811
3846
11721
92207
81560
48765
6474
39505
77965
33309
10235
90494
60212
76531
84620
58287
2138
97480
90717
93934
29741
97934
67371
61205
48508
80118
40120
14895
69577
13086
79771
28955
26925
31399
80417
94864
17385
12645
25855
60282
85669
39408
68342
79329
16455
79608
3265
95946
95409
8501
32285
98327
26903
24700
81141
59594
88923
69965
5738
75400
10087
55593
27259
72216
16455
28866
94967
80362
40416
86442
58620
20404
54161
27021
48682
41368
68004
13467
16106
38273
32497
64317
95508
87084
88400
4425
74946
56644
35800
57713
5775
60773
73785
10677
59594
74594
53714
9881
89117
71747
16304
62961
15381
52326
53861
54552
37869
14789
224
3168
3643
85336
5326
66628
37463
11633
45420
49402
91844
30854
200
94596
32380
7308
84148
94821
57500
34046
66661
73137
81033
48573
71374
23645
97757
12273
77844
77365
7474
51438
24494
57420
41258
60978
47804
16462
63961
73418
85632
58482
63055
34581
76349
38571
56070
96480
66314
55549
90820
84784
371
83565
31245
36318
90765
51474
43369
37084
60820
19687
5453
71158
16835
23874
68073
43412
35598
36606
47661
61308
36671
1941
3033
7412
57740
66954
56831
51429
81714
83714
44023
2459
88112
71474
67391
41704
51970
39604
93549
40777
33143
65331
87859
66689
58514
10214
48269
47745
87546
13722
98345
51113
28894
85575
56020
46119
8233
98916
31837
49246
50045
42359
76136
28419
89295
38629
28242
4705
57599
17447
19932
69436
35347
61885
98070
93394
63855
39901
5033
78366
50131
40324
29056
14710
59088
6925
12660
94388
64584
96703
43603
9137
96673
70336
22349
71213
87078
67816
74522
65644
90971
17776
2699
99610
87834
41833
39147
74959
95567
88169
85330
47726
18188
90913
36039
95047
96970
7082
30926
19932
14109
60349
8277
161
25746
67905
13687
43516
18247
72063
53612
16268
69031
99634
87822
58535
86498
55259
60999
30395
52805
70928
75292
34165
87738
65268
74544
54272
96415
45442
37782
13286
54715
17475
75320
73906
18723
8031
36477
10901
15592
29104
10906
80391
85401
94034
79608
8006
69853
72310
38781
98778
24741
95670
66554
87897
26802
98595
84913
20454
29347
53690
71648
55731
93592
73877
81902
47560
38504
29661
60817
39548
15259
24669
24250
80384
67109
54514
26718
46299
61152
29951
705
99760
87940
16221
24161
26972
65766
6128
12636
92955
58955
16500
23839
61738
30151
24598
47757
81095
60854
89407
10728
24980
56469
79147
86911
82299
70494
14136
10771
91979
83903
81178
96135
95585
34646
33163
67044
63170
51019
45536
95047
62756
53802
60406
86216
37709
93979
76747
28392
4851
95072
95210
15893
19746
17290
66718
26204
43196
25400
47335
30317
87642
1422
55819
47684
86993
61230
98083
21145
19760
54613
93654
41989
40485
21140
87620
28623
31584
16105
16440
90514
73936
66554
32993
8845
23881
8174
52442
72552
71686
2184
23748
34557
16363
29792
21909
92650
59684
22144
45258
1458
28233
96248
79384
85002
99395
1246
19904
2663
2536
40806
52897
15010
22082
35769
24360
3748
25261
83317
3586
64180
90687
76065
63122
87034
21731
91211
78781
41167
1150
40256
12707
32131
33266
21288
43496
84011
93344
46363
32688
57029
61384
36132
41258
71177
60557
79120
26339
82254
53684
95315
37147
69557
44202
47000
84085
80950
24229
58978
97895
25574
13347
88355
72434
28194
27599
74744
5547
39002
89730
42432
21240
79164
80165
10392
64310
67580
76533
26356
47703
50270
66591
14811
88777
29120
75499
9727
72241
47974
43094
57336
11735
82851
66807
55965
33691
864
44195
96702
43237
73677
10123
17312
87898
66722
43491
61942
29418
90512
74622
74328
5447
34504
97589
13571
54384
43656
32966
75565
38347
2334
78041
20259
54225
91802
99646
21921
39074
38964