46406
47590
40196
96482
99467
44208
40953
51930
52766
57159
91623
66149
51482
17319
52521
48270
18021
71961
67793
27024
15734
87465
30176
79236
58608
54400
69426
9450
91628
23678
84656
35636
91158
43125
10089
58410
43950
55813
35098
9245
94703
58063
95018
49356
66188
64761
23923
5836
30933
19197
49466
97592
47545
79086
97952
19765
91558
64808
88209
74623
89579
46674
41849
80150
61631
48147
57622
927
42203
56686
72905
95480
64354
45468
34854
49500
28545
7013
8747
64687
77488
85242
39342
6823
20312
16594
60238
57431
49615
47198
14827
89209
72031
4971
76818
19766
99718
47252
25361
24437
59766
29090
6057
24639
98811
48065
41953
52651
99485
9823
78518
23371
35227
41988
10320
85617
62936
76617
44784
91455
26706
36535
72518
7850
90444
57660
38432
71274
15598
95212
11516
47585
49475
79762
83550
27269
58048
62354
1085
76428
5636
47996
80375
63187
95354
91791
71813
33739
54107
79208
80234
22080
75761
2021
78500
62023
91575
6426
18853
93924
82748
40239
58844
34357
35142
60756
54220
11935
68626
92578
43486
56051
64346
48784
74770
57116
40272
52046
1777
63687
99271
32386
23454
11183
32880
53341
11819
85765
64514
45624
64583
5945
86291
59728
67157
91751
21027
49563
66904
33056
9048
11238
74538
88916
2659
13358
22604
38489
5761
66551
53144
21883
59006
5003
47858
30848
54036
16370
87261
54486
3538
70795
71369
37372
81624
62885
10890
82954
3518
57404
35205
32094
86099
80115
29379
92099
17731
51274
5128
29727
13010
93020
19869
42202
32294
84216
38313
43623
46401
25850
42590
23984
97771
12582
86576
88066
71790
2048
74624
25554
81563
29514
47063
1450
38378
59163
80046
71221
31198
27609
9642
59746
1639
66451
77381
80600
23905
24797
34471
58167
14106
76840
37524
69958
38545
8957
42591
5695
44186
34550
64732
76339
14590
73594
42706
72667
61631
24979
23375
2236
1336
70254
33494
26966
99875
69454
35476
61961
52213
37772
95153
47397
98628
71119
62241
25837
37224
41221
34170
54438
80735
11515
55327
80993
48363
96607
35515
60035
95862
91599
16650
55406
63766
26365
82801
1934
77483
65858
43598
58978
71940
18076
60202
23780
99010
58853
90346
84631
75189
20881
59525
67180
36194
49892
24816
12273
55622
22573
84917
12151
52500
79235
63202
86910
79002
9787
27838
39071
5026
55747
12342
99605
4628
93278
20822
46313
70361
56956
94195
88409
15226
9493
88997
6661
62887
64131
12274
5782
6291
96697
12196
84298
32252
99811
29405
66976
41257
50459
83969
31804
59405
77413
5586
24792
51336
98760
32665
35592
20428
30026
68192
61672
30620
38438
62876
10116
19921
32045
78888
579
60022
76150
1037
4305
37747
19363
75133
12136
95976
14674
31007
56699
72207
30748
26820
72894
47651
72077
22936
67733
98912
15265
85524
14103
75520
94360
16817
93822
57764
2069
42071
93742
82644
87065
59219
24640
24029
93846
19399
88587
16729
80147
61883
46509
6093
96604
79889
32603
13515
39170
7542
60035
35800
91734
40852
91002
7592
39133
38277
88295
42021
87537
12739
17995
86831
68181
30458
84331
94781
47218
1214
66843
25441
47346
16921
19529
72106
79480
74876
20675
16419
87066
375
21030
39737
28189
46564
40261
70201
28204
15966
18930
99736
49524
70671
65996
80332
49886
102
40773
20056
906
73736
14798
21029
21988
14717
85025
29739
29830
20971
62763
78479
30314
69120
57684
78118
7946
14984
28908
8632
47094
69375
68244
72192
1297
79520
3110
87472
18025
52860
78658
81489
2161
64711
60311
2311
35676
3212
39562
7795
18616
84608
17285
42163
94725
44820
96031
33572
99633
24964
41604
62183
28049
89548
30721
24833
84990
21659
61422
96445
62153
57087
37848
8204
67324
66432
57610
32045
33935
38185
41303
40711
97156
34592
14983
38387
13088
16343
93564
58518
54022
94555
45055
24908
54033
43594
67500
12737
51629
56321
54935
43416
26803
82867
85657
71023
89375
8342
39579
27929
24400
67480
73309
94859
56380
83311
94340
5715
54541
76717
81406
75297
64988
17938
52627
31273
8264
53948
20970
84961
98931
28409
43317
60774
49082
15837
40794
36539
15119
30223
24798
31217
70388
75357
1168
75714
20437
82225
87280
32054
14979
85179
65530
54249
54665
44909
36627
10468
78413
12454
10958
13640
94212
55302
476
23817
9970
2912
76302
26679
80990
99661
10472
80279
48398
48925
86915
25008
76195
82633
13311
14754
75699
3108
55876
39249
90015
22736
93619
16576
37137
67308
58126
29239
6004
11499
46144
98087
61264
26464
23210
40004
71328
99285
85515
32849
16402
39291
80940
82394
49658
16124
95013
39418
55795
74604
72751
18493
74548
13278
51751
60096
30122
8339
58140
42197
69847
89389
35125
83234
98919
97825
34946
94857
53515
92875
80477
58626
60533
8316
53820
53444
89358
54766
61847
50082
16439
64600
64784
40850
4154
90716
53124
31690
24108
47166
93740
92740
62785
79856
74960
8480
6380
57224
56233
1543
48146
73811
72209
96909
23626
90210
87914
58513
92883
76515
26247
97855
58898
61739
85915
12052
30790
65486
94524
43617
93225
77457
70547
19784
30278
90647
33955
26499
84562
13176
67220
87173
63497
12528
88891
51896
26629
87795
43464
38885
42269
10366
84523
84691
23512
67721
2179
69158
57580
35992
55781
65288
83576
42641
70629
54246
70874
2824
44932
36881
98989
21013
13847
53317
63139
2663
38991
67462
69979
65362
84458
43782
33472
19428
84374
87523
49693
20598
22941
53101
41760
66526
6610
41925
65162
22081
13462
35201
71408
50501
82982
80973
44402
66276
98981
66187
12310
71612
73282
43387
13376
78084
79014
72757
78223
47385
4636
88211
55127
71831
80157
73964
63638
80387
17431
5435
31253
73765
36537
48574
20094
34899
87997
78874
99477
89128
94387
81532
12148
73427
54438
61882
53766
63436
8558
856
20096
86529
18001
56807
6807
60815
62902
57992
15970
91788
97736
72174
64973
26273
46883
6913
17302
98165
46750
21470
75112
28101
9685
2044
27154
46128
25105
53673
43364
87406
84246
59155
70117
40000
64074
53219
45875
14242
85469
89220
30424
87549
5721
47394
22501
80090
12359
33453
82478
45969
99611
41084
74849
74047
34974
34894
14980
20534
18134
30987
27883
67182
26900
14409
42131
76665
23641
16780
36990
88213
78022
49189
57163
14874
1823
16571
65265
89011
3738
19974
26040
48105
59658
66103
63316
92475
73155
22
18622
4202
48937
36196
71985
83217
48506
36799
73118
11025
52340
8804
6093
38954
74340
63854
45041
678
22572
43420
8742
36432
96688
92721
64585
4226
72766
7061
12212
3260
44023
3961
11892
89840
97182
26552
37641
2361
15484
15833
43258
90220
66478
90224
51763
85351
40364
70596
78684
62535
246
38443
56727
8086
55357
97394
19317
52992
53611
43033
25397
83462
65488
15355
38106
53292
58026
11051
35240
53901
15408
68122
31899
28078
4603
88693
10372
47248
69009
57834
63362
223
19184
68747
64792
74119
75860
12332
59664
15527
1029
88551
19500
9277
86432
38719
18404
23169
64447
85025
76673
69486
70888
89542
22325
75195
73935
47925
14965
13927
95657
71909
52277
93363
50606
69216
40158
87753
80553
11588
60942
94874
3744
28131
87404
17318
63995
89898
40710
94772
9939
4286
1161
57730
56920
1154
26076
86998
56190
2997
55098
33650
96261
65753
3402
99782
5860
13198
88988
56800
3026
41725
7203
48126
72624
14961
99017
94340
59798
69759
47251
79177
78777
53222
68467
93644
98101
4913
56068
29732
49213
34106
46757
53493
9916
31177
95093
76318
4647
890
49159
82702
91169
64860
77314
94423
83434
69909
50328
82524
47877
90531
37313
63908
92997
56221
94035
42736
20243
51384
19264
47945
66110
15462
88781
94706
58496
22009
91370
80221
76137
39942
54098
25273
17323
95300
56097
95625
80705
28339
88109
64144
56028
49433
86786
59721
32363
81159
15038
98067
81862
49947
74502
90024
72087
26303
45699
45679
21574
46382
27613
45832
93312
29303
98450
29285
8387
24442
30578
76632
2793
19951
93594
61798
20750
71302
81068
8027
3743
67976
85767
4792
76417
5469
44456
76999
95131
38791
13309
57711
95842
80684
82402
9154
21951
66097
218
82420
97470
53729
45899
61767
8310
47373
76406
67073
42896
49453
15697
7135
19958
4037
83811
95779
14425
35843
58172
9256
88862
35332
16334
74742
26151
69014
2476
89457
2842
39384
17566
14956
79152
46686
60798
7419
69020
81425
82162
70310
20437
88243
10342
51961
58850
18912
29221
65656
9025
77616
96788
24080
89365
86424
35979
31305
84586
80785
13841
67831
85125
65200
43859
47152
71820
25492
30048
46968
65999
69599
37380
67864
85714
60219
39583
72429
97241
29726
16354
21340
43311
74376
39013
69091
71346
25225
67687
2667
55742
51936
53283
75609
87188
90238
6412
16740
79847
19336
86469
82913
52260
14043
79135
68571
83323
34154
95280
52638
79822
54979
91404
5586
71925
87825
26147
24612
32875
62522
63511
74144
55576
16999
504
61499
30716
22340
78077
46573
15669
6366
33537
58588
397
28169
52824
63251
38020
46596
31149
68849
57269
44340
8026
80670
6311
89708
6722
82201
63090
20430
66318
42476
38220
8428
99842
84929
33104
42215
43483
14382
21705
9305
37576
75179
53184
77230
78338
93412
12320
97132
55274
37162
14018
13395
44989
66853
17882
27391
88118
50084
71197
2731
81440
21908
18125
97712
48022
88110
89379
62092
25274
11755
17592
64541
14190
90227
22704
84940
20818
64755
86820
21766
74010
49197
79722
74245
89355
91913
72002
53934
33203
98410
98431
51220
91106
571
305
52826
71496
45256
98027
49237
50541
19688
47254
48655
63335
77784
10673
73128
7803
78116
32099
86231
96403
50174
28479
71055
59672
11824
32722
62621
45708
67886
91309
89645
69831
81445
38473
72044
20748
74161
56187
94535
93608
60778
69526
43827
98630
20989
10008
63654
71089
70617
1458
77539
61063
3104
16471
66163
14807
9790
98336
40718
37111
98102
41497
2714
95428
75511
37772
32202
3254
72109
35240
94983
59007
13268
79437
7852
92609
95240
78519
33483
85929
8856
66181
97229
70732
17400
70885
76439
68220
82774
22141
7560
78470
53828
36024
86334
42732
14068
52684
47929
98810
34274
91172
1367
22567
38218
74927
5055
83498
89435
59268
82969
82102
41348
87983
1914
98356
6986
49949
76541
4220
90043
82272
53613
52015
21949
26943
223
89299
9472
74814
78012
17292
78194
55333
94333
98228
17585
88815
54383
14295
97691
40337
88117
19629
86657
17637
81997
55572
250
72499
72555
17898
87316
20379
2241
7812
22725
74849
8096
89358
89759
54229
10040
69600
99810
76317
74683
30264
5420
46082
89344
96890
16428
12212
15108
87297
97140
79835
267
94336
63148
2299
7939
87866
8450
94787
19625
14522
73439
77266
1989
23248
94262
76070
10417
79145
4758
25890
18551
56522
40927
20988
18776
30504
64753
79040
57160
16774
25663
53412
21495
89196
3075
34602
5259
9153
32747
86155
29129
49830
17329
60198
99698
2542
28648
34245
46986
10301
85682
74279
10324
35419
54510
5040
50392
92341
37263
2090
95303
34001
84296
50389
69206
70956
58852
86514
56582
89714
81554
35848
43012
39674
90429
67121
42699
63227
64601
47813
66343
86446
91161
9377
58677
42081
41342
5619
45991
13365
85802
31684
48771
42518
5971
94146
36971
22740
16755
89609
69783
7106
51419
18574
98590
98794
98984
58312
48948
81867
29742
7163
76461
55793
77137
94498
39424
28240
24146
55448
92263
31964
66342
85795
53090
47847
30819
78174
45115
62040
47251
22818
76100
81604
60203
96784
58908
36428
22198
47869
17105
83603
45962
26395
12928
32346
97116
37344
39704
34907
81614
21908
85020
96254
78343
35356
40359
75450
97372
73022
53833
48684
18730
94737
95472
22061
78789
78531
88930
85331
25546
29062
36582
2055
70577
94680
97923
2878
40286
77389
61696
17878
88055
58011
78091
26030
71120
50690
81813
803
89250
50294
36186
66211
97338
98922
30430
24688
10349
22491
76115
90291
44713
55606
98071
32953
89671
35719
31867
5263
79485
55551
93086
9653
82192
36865
82103
25250
60934
7497
50834
36565
37657
67417
89265
78227
25704
69538
99540
77281
53320
46443
42868
5503
2103
96801
26249
39679
61425
44156
26859
40129
81531
33097
20693
28781
63549
78745
7813
72397
62253
70309
28096
66468
48550
38652
27251
38030
67640
11883
33973
81781
30168
15624
23496
69677
75736
26587
12958
52525
62578
1162
74680
57642
58237
58239
80041
25618
85282
94360
12153
92194
47977
99019
98245
38181
14540
83219
74276
77001
84557
47739
29989
33215
18115
69126
47508
86223
33424
92121
23515
52566
3118
50630
71045
24765
83559
2102
27966
39031
74596
88017
19638
37910
7485
69357
52228
97227
53360
59665
6471
29912
96109
68293
13608
16980
23629
91576
69179
1306
1090
63437
3492
32910
40330
83459
90775
33070
16829
56832
20343
26000
84198
93337
81088
75134
15407
32801
13857
87434
83892
10059
81248
2511
34170
54717
95778
29799
80888
24755
56290
86979
32851
62637
56734
62794
15784
69879
73937
21616
24835
3091
78266
85810
34860
50628
25948
23308
32801
39481
43103
70423
41342
41365
10101
26978
33881
69847
72438
33484
8490
22603
90540
18396
31591
41452
25739
92573
71566
32564
89944
42265
9980
23329
42986
20656
9147
20582
48142
82389
19063
65931
74308
11621
46321
65698
22407
12485
36269
86696
49674
1560
73766
62515
27134
92602
83874
21982
10576
96155
73088
49550
49103
5467
4589
68096
52011
27326
1654
84914
89305
51853
8951
93258
36787
56393
51442
77767
56412
47148
9692
53474
77281
31390
31697
1920
33339
59632
18311
18519
70034
7161
96672
97946
10363
48363
5882
84483
22209
74353
18529
3453
86370
16584
51268
86379
22928
1622
38052
25783
86488
62379
97320
95451
27551
96339
20494
74790
18920
24116
72604
4300
32371
5099
54548
80268
32736
56317
89670
97599
3120
91996
86336
58170
51116
27001
61729
7328
73279
92001
39531
84968
34174
99573
87222
53318
47881
52746
35553
13304
10953
93785
4163
14063
68184
97155
86496
22392
75745
19333
35799
21478
86332
16884
91960
830
30428
27830
70195
66111
78308
46365
16619
75468
60787
71904
73898
25687
24001
13975
5358
78635
6049
53203
58465
36822
7462
33655
21606
70481
41666
23671
30415
4782
3306
31244
15500
73117
14869
46513
67613
34554
7843
55902
26601
64631
94746
44798
56871
31746
18924
15759
98585
2418
85204
60501
46393
95379
4287
84539
37516
45068
19624
18599
61747
24169
95612
5849
61504
30378
95260
68640
12741
34183
30144
67129
77224
31934
42360
29765
1811
25211
4270
66853
98567
31683
49448
40405
32145
52540
7369
450
11765
57628
18647
27145
47431
12461
22679
8622
48600
37850
16628
67349
71277
3449
73119
65665
72588
85557
47792
44071
336
15863
3787
68974
43547
55536
7422
51205
26347
49349
65639
18496
66853
88087
35282
52113
49678
99885
9247
27647
64761
84961
98402
72582
82074
37093
73284
28426
45657
21488
3783
36601
45187
73192
7239
11357
67002
35309
51068
42362
77164
22848
56028
68970
23777
71982
81245
78930
42125
6461
64920
96321
31910
59538
50089
10661
6704
90397
1459
96745
33684
38050
95201
44975
89615
21284
32967
30822
69159
63631
93926
9960
46488
90466
44430
75795
83852
32216
74558
802
13577
306
56007
2087
34275
69026
87790
67367
20563
53686
94448
14130
54720
42016
44289
84253
32826
99454
13645
15646
74118
61546
84959
55363
69650
10144
87071
57936
2666
89639
8950
11763
7075
88830
22414
57061
74325
58085
62549
54048
89222
77253
45216
86840
10689
24605
35915
70679
28006
46826
8702
71160
99931
6450
54188
23487
49280
59917
63189
61012
59615
63504
5003
89338
95874
6679
24818
8848
25151
38606
22241
62628
69967
80989
31749
60047
9788
49198
80996
89585
81816
54556
41822
16585
32522
96186
60880
15344
65380
25948
84595
86099
99440
72774
68481
24972
43784
40336
87832
95004
43141
32466
70838
60135
29392
81746
39012
96683
64500
88807
74384
16574
74580
72809
34290
92644
43384
60311
44624
78314
88739
42724
51005
48738
73120
39870
52412
29595
37019
98525
93570
17564
46284
95877
41081
86588
71725
23640
19585
75649
25293
11739
9170
66516
92061
36323
92348
96637
13000
58460
28015
1505
57728
92630
98614
6196
16179
80812
57182
86972
16765
17394
149
48644
81686
34458
66414
43353
99564
56899
80097
23525
6283
31487
67214
79461
25113
46624
77826
1257
81695
74942
54930
76264
42081
23111
61732
92926
8110
63204
48846
14883
48658
29731
96118
21512
46153
89222
68216
99313
18031
37896
22694
83881
48467
4807
681
67079
13610
36339
14534
97084
71615
2321
15004
92597
55592
41452
78602
93459
38388
17913
70158
74084
94880
19909
47111
34493
28681
93149
22172
91287
55003
45017
14197
69156
89384
46855
6151
12364
29333
24752
43342
33288
19790
86632
18162
68026
4858
43479
75692
41735
69961
36831
49698
36050
23145
90026
9262
9527
36824
98674
58173
5792
92052
13836
41107
82823
53998
7090
6091
46217
81118
90059
47612
87683
65967
27001
8184
96012
34107
34366
96174
70447
40145
36908
87375
63907
14546
80968
4013
45320
79580
28602
39360
89633
76862
4468
59586
27912
4842
47772
90202
46482
62728
81912
43670
98497
35175
38773
57137
92224
60782
36180
74164
6942
44529
46738
39896
35786
64895
21010
59690
25159
36024
10505
25640
58188
46364
59301
488
12859
42303
85115
62231
44667
72056
16076
76222
56309
75065
54707
737
29544
87097
36589
36802
19145
74636
94021
64386
15962
95604
27452
61640
70245
29521
87378
47162
67126
532
70899
49223
82067
17009
94657
66791
20536
3859
11257
60570
30675
2441
20485
36333
34457
36926
57022
1148
87907
5894
28155
11025
82888
59956
37690
54666
96760
51209
60842
31449
79923
34056
58515
98917
41924
76004
66722
85165
26397
84890
40757
46125
34896
41051
97471
29113
24999
52322
29273
15270
33152
53828
61926
26664
23241
95397
9665
4982
85748
92838
28836
89546
47863
18684
7607
12996
46115
84541
93396
45710
60894
46100
26291
61306
76415
17620
76151
15528
24549
80776
91572
12388
48213
98793
52123
72876
33807
65545
35395
12559
22124
96172
19382
88528
7861
45334
14197
24586
74499
36383
67209
19597
56142
88163
79335
63399
30900
63607
78559
29407
35433
56694
58497
58266
20661
13529
93581
20384
69263
68357
38358
66648
15700
73373
37073
33968
3459
49560
77760
47225
3992
19598
17013
98447
1795
16781
68293
67895
67364
78984
38700
43521
37414
89966
63190
11660
63221
6424
70385
25224
50621
52252
69485
35351
22144
65983
91180
38765
41876
13160
80716
7927
95031
19919
2734
57304
27727
73204
35074
17390
29667
65259
6545
82898
13295
48757
87878
94366
12936
69483
24282
32234
19565
10963
21596
65647
64197
5685
32697
67340
61659
98183
34701
20487
13427
50661
80006
13963
25544
81692
17360
13615
1763
22405
62723
37240
15770
14799
32102
25269
7715
23765
92830
76615
35219
20943
55031
82884
1879
30020
74893
84433
79790
75324
80727
99372
53345
67380
25585
93772
14240
61387
5829
38080
49467
96793
22198
46964
43129
85728
56680
96691
29240
89658
13807
12838
69634
77618
27250
84378
19305
1774
73755
11967
36799
84714
35999
66700
48500
74496
32645
72544
57260
4163
90708
86788
25820
76684
15933
17293
94593
97099
45250
47453
10686
83551
21377
39720
7344
3136
2818
67060
46031
14137
90041
6874
55939
72852
31095
96010
31648
85838
30355
6699
58304
49609
8689
9919
52988
75200
47085
93380
94247
58741
8838
29175
57958
8518
21098
72980
14704
3903
12633
14648
58526
68713
78520
63335
45646
29247
42869
34666
15002
9857
44434
10704
28656
93281
62832
30997
71534
6139
5050
28896
16605
96322
42602
71174
17511
71413
89371
61132
13301
1489
79085
86153
52649
2816
26127
21514
3476
84719
1356
61168
20822
37821
96436
19860
78544
92079
10118
56554
44199
81856
72279
97411
95256
70774
91009
49292
12402
59376
88235
32500
86676
78747
75985
45675
10724
44356
17296
31526
28745
89288
41456
22975
16582
23974
58478
2266
81908
53846
21989
63394
81786
24116
23545
33713
65836
37524
48831
9934
53853
93689
2700
22065
11234
82945
83353
11778
23268
28568
29968
40256
18401
69965
95925
9245
98432
35969
85076
88838
67088
3963
10659
10945
70716
25945
32435
32399
44908
69122
88825
61553
22939
94006
26131
91046
33041
25862
13465
82738
72605
58688
93378
69883
8080
35427
67728
69485
79224
79025
80281
99678
77143
58178
64883
14859
22688
11989
21243
25440
23054
46594
5089
54039
95073
50731
2772
62808
23542
93744
48102
95839
87489
99553
94747
33724
94506
93294
7219
83475
77665
92251
25586
75907
74335
17711
98665
9220
46138
66220
85378
86217
95749
67033
19597
78406
32738
26010
52898
51499
11973
52321
45170
27950
26918
27710
60335
92838
17538
14290
54228
95347
59215
16801
75826
5980
34362
56134
11321
24720
66847
90848
26591
28878
8452
38154
69808
99648
22899
46537
67698
23362
45746
61694
9363
33921
33056
81755
89169
68190
12878
58066
3206
66225
78103
3497
35983
8394
95454
28522
76823
18963
43299
67191
11652
14034
55841
50715
59454
82859
48071
41307
23255
16193
29424
53579
63004
24381
49826
71069
10198
28167
35104
82388
29501
87249
7564
45110
18554
6996
989
21440
75319
6386
29304
80436
23494
71802
95246
92622
90411
30505
53010
3892
15206
42414
40725
18411
15521
14054
90496
33830
22930
27878
20557
59258
24237
47639
32835
26093
67370
29980
80620
27084
8654
91247
43956
79068
19577
11049
30592
57256
8683
31200
26825
32377
76019
68522
43348
71172
65814
76768
72815
84252
32568
60286
87849
94537
6667
14087
54383
33457
78321
3366
37503
70834
70639
32943
10859
14545
50000
78691
94187
55117
13234
21523
66239
64877
63890
41691
73056
27064
21487
70992
54082
63811
32157
8180
43625
21796
12425
12358
33764
36038
84644
49943
46986
84981
52270
98038
21039
68473
68384
25326
49955
25344
46229
6501
36040
85172
3446
10981
8015
39564
65441
23000
64590
28861
79221
7980
76895
12241
41021
20214
82423
23024
93846
82674
23041
83035
38175
77321
43127
7192
66012
33483
92636
50566
97063
45980
94329
31474
77940
97579
77779
97379
22974
44093
59237
24016
4947
30729
56736
29938
81114
48092
80539
78164
67164
36284
47096
29254
15990
24170
13812
23856
49689
72353
52074
65956
69564
79515
65894
36940
91487
72242
54657
18371
29084
43811
222
79327
81388
74927
5983
33932
76788
98396
35045
29588
19850
27897
17442
77946
13447
23358
4508
26183
93803
13233
62657
26331
64872
20933
27554
91557
17388
18237
52909
2382
76142
22479
43435
40399
41332
11139
56274
25667
71615
8762
34984
2615
14932
90444
6325
71517
82983
48458
70179
28032
85158
55106
68661
51122
91007
38592
29057
4961
63663
1489
59371
30089
29064
77987
52160
56899
70654
20201
82860
61530
46543
92187
64280
64510
92269
47706
75971
44753
93929
82384
58012
52063
60253
94582
43801
9132
91893
56239
40407
1317
93851
24338
4623
20760
22751
44741
17
34815
69695
83204
37120
59767
80856
13953
60906
4943
42025
31302
98530
87868
8705
10198
45435
87177
82501
71377
99523
79276
68479
90518
16505
20788
63141
70146
49229
36030
92421
57527
1203
67239
89003
83321
89668
88860
27087
78001
82513
10285
64382
24852
85892
44704
97411
93278
9045
91617
13777
78296
7493
87607
82832
7193
41051
34834
95297
33416
12409
28128
18928
69567
97274
77952
15861
24811
23978
50286
41703
86576
20354
20764
22718
62666
92606
24417
71011
30222
86397
14379
25910
24718
74357
71249
92699
99548
4112
66211
22083
6150
95654
81283
41554
28191
2041
25292
86130
80223
56967
77328
29748
40128
34128
34305
83038
90185
6660
97381
54805
15464
85063
64172
90152
86616
32581
80253
50806
16323
57068
24684
32670
82432
17962
13928
34849
925
55844
69778
44982
89368
57263
42728
59722
12391
71599
7678
12273
80855
2666
69966
9422
37458
21032
31271
71994
73594
34506
77441
79893
97362
84868
98384
50950
86555
95063
61526
3888
12027
19695
85651
69428
19195
94198
51576
63485
31111
89012
22586
15660
29208
46436
76257
61280
21742
67892
71392
71265
31511
95192
74271
36394
24205
24843
89811
6481
70299
97571
81808
25332
14975
11503
52533
54209
24491
82608
24805
18977
17606
7218
98102
49347
51312
27366
34178
82465
48162
2653
93403
83921
499
20227
15644
97034
45688
50005
45850
33329
99171
36768
77113
92447
37036
2296
58299
59472
71373
56465
84275
68907
68454
88734
51704
1001
12385
95044
85845
59940
80273
47897
25405
43709
35603
575
84379
30282
18487
17143
97832
78906
73208
60131
22806
4039
28965
16157
63817
40055
94308
43981
46693
42382
4813
61195
6659
34963
25298
23665
47613
16061
67006
74076
51944
50938
86587
26975
69090
80029
55374
28452
91841
24354
24157
43680
9003
8286
88688
77586
97156
83720
30389
31288
897
39549
38718
32813
47995
1621
12709
60547
15423
67488
58415
25
78659
97468
7662
67609
86323
97655
4769
25265
34729
98555
10742
10411
59451
6842
86320
9739
9646
67479
90915
49605
93961
41199
54172
70585
41188
78626
56446
55276
79839
69986
75431
86340
18991
80695
6257
1792
84339
2668
23540
11665
26597
36409
23017
96504
96428
62894
99657
16574
92237
4633
90099
14506
53506
95829
36045
50370
66723
78223
75938
23906
59905
50677
11946
10610
24690
28222
90887
33287
15622
9968
79211
93848
27224
47090
70327
88891
28064
5966
65471
95740
41125
9890
47561
23257
15056
98980
1172
24445
1019
33584
10229
24599
48584
42543
56316
70102
54735
78821
41717
57763
41967
51095
61770
33019
90726
95736
11078
99912
54652
87855
59509
20923
14489
22502
95112
38856
52886
99088
73492
59037
27697
53144
63642
19264
95258
8259
12481
62533
71690
92322
45630
79049
8308
29398
92182
44846
19700
56767
15162
44146
28195
17059
25009
71278
71213
45592
24628
61065
19705
62894
97875
69207
64391
3004
22325
79345
79673
97093
7804
14418
25544
97542
53991
77643
98167
69184
7793
34467
52996
69948
86423
50447
29051
66368
62614
79370
51653
96332
60338
40753
84157
51025
63380
29374
1667
24623
48907
46782
75786
42089
47699
71153
34156
1864
55859
11678
59741
64200
28096
5104
22044
64291
99551
79921
48646
87864
3400
28098
74981
37720
82886
91924
31878
69485
30619
62950
10312
31527
98976
69947
39760
41252
60745
47255
14714
24378
39303
21078
62666
56580
28200
5993
93632
33768
13369
75342
3753
84737
76011
29642
76690
70254
81587
48934
78840
31318
70444
3844
55067
72118
66615
27452
69617
95368
72354
76695
13686
5137
86407
96871
7169
11336
94539
53921
44754
2878
18663
52984
58728
10638
73251
40823
13615
56163
25758
57883
30006
10528
6730
40843
31455
71504
84469
47061
7279
27947
50690
3270
71429
39873
56374
70053
65800
23206
22894
92204
42168
71066
58637
74948
95655
38420
12788
56701
58177
3530
78698
74823
55941
73472
84955
17519
27288
45098
1917
8697
12271
14624
83021
89303
50698
72573
49496
49251
12129
70003
78518
25151
37654
83472
272
78374
74217
91013
31906
26126
62026
82968
81692
34621
74473
18856
30402
62181
16074
16376
36020
28094
77813
60091
91624
80734
16169
97178
61106
94295
94608
12772
35045
22669
686
47827
82068
5266
90419
8983
74481
29184
23376
87841
80663
75699
70438
44270
32163
75233
33594
77486
98685
8182
324
66256
78229
39600
79751
51724
85576
89523
84827
60684
24577
65770
50470
59448
94460
3676
75977
14812
30246
40103
7382
8792
39200
86363
55072
6853
14882
13877
49899
55903
49437
85590
76866
33459
91673
34784
45959
70662
6525
36653
18085
31807
64652
96811
58081
6962
16492
45848
78319
77386
98979
23126
23041
86418
61530
5131
61594
59553
38179
48695
53409
1920
55223
14067
5041
20216
91384
98275
72141
45981
4373
10903
26609
29553
172
77924
31619
16950
23529
86906
15848
42388
39693
44673
16660
96483
85514
60885
45849
28694
16523
35803
56224
4196
75824
90175
92598
99540
1366
57932
30653
79204
51989
73158
65092
47702
69380
19592
55121
83096
65687
87669
62874
61006
95688
83869
38195
93151
83700
83374
92321
72792
32188
44532
87629
55072
9131
36047
22325
59322
92727
68463
348
27728
9441
94447
10625
74755
1143
1067
77774
48716
82713
79903
77095
2797
71896
63133
27938
86649
1690
86250
92502
60668
21499
82454
59755
13128
23661
22519
26641
99294
71168
17025
45549
91093
74140
71044
7790
59562
70891
44577
38654
39205
58772
61098
56756
50499
35266
57014
21350
62597
24707
22333
41211
83637
68620
26870
90622
66448
40250
63787
30063
72052
96787
30805
22452
24295
79147
82714
84365
27233
22435
65023
41765
84344
11787
82635
89412
93478
3912
22971
27074
35769
59441
7643
9045
86998
88979
4583
48395
40299
80853
74462
21491
2416
90613
57344
91254
40089
81457
41572
65027
89019
62914
4281
3080
88632
73635
16535
32253
88649
8367
75808
41338
10919
45992
88728
98184
33717
38484
76254
69365
72814
31938
59782
45313
69094
6155
77653
37462
7520
65747
87864
6612
18828
39982
12065
25866
24186
4895
66528
31201
1792
23356
18650
29874
12643
88877
42280
57976
40229
28724
19982
78912
20620
44166
53750
2205
48331
87671
30440
17176
72143
85268
39881
43940
58312
26698
42222
2735
73554
16804
25019
24405
67295
40849
33916
35535
55011
12452
3582
32937
40667
17013
54059
22672
81530
13957
41377
88874
85266
60767
65358
27904
54235
20089
39850
10038
70340
23258
26385
27740
60499
93173
37884
861
44634
28116
96250
33300
96568
37296
41712
37822
10633
86076
55178
82442
61644
99458
59677
27373
10927
60645
41947
1459
52344
39782
74097
34224
39282
97249
85088
51540
47058
5047
35286
74236
27878
61639
30985
12869
37017
33846
30864
65116
1157
49518
70526
67697
94101
16514
84636
86186
86934
7151
73953
7924
26714
65213
3632
96340
85096
40741
79759
12027
53155
92622
3039
30072
99093
13328
25373
6759
13720
76857
53972
54183
63010
12333
72508
10089
55082
91048
13299
90885
97723
68415
2998
65351
37108
69381
50781
42502
24217
86025
51216
93557
7897
19773
67146
6419
36669
76113
87241
96925
39882
28062
558
23651
1331
24511
23703
84503
27679
54969
97238
6433
66706
54939
68558
7696
25914
93696
50954
89708
78841
83473
35546
12583
41673
46792
22666
78674
51185
12912
7361
1483
28099
86952
62291
51
53327
89670
53635
63902
13959
29304
56665
63780
56432
36869
70812
27668
39298
68722
22092
77480
98428
7233
13630
44468
8039
46804
57525
79736
25253
8495
14521
70773
70038
53404
73719
93340
78023
66791
25653
18978
62199
40170
94992
37968
58087
55235
66292
61462
62814
52256
3031
73792
47830
8573
89010
29536
13703
67429
86045
22475
99149
44724
56326
32704
36088
72893
54478
52322
3696
10631
19392
647
25955
67250
59439
5130
32301
74616
40043
11931
25891
4558
23999
9781
87516
75049
66698
3952
96540
72606
46616
92109
23933
66114
54460
61903
96541
46384
7372
48713
36415
86985
99577
69234
21950
25109
69386
18293
55637
31655
90452
84709
20772
29983
78744
70638
7840
41097
93017
91591
58874
15203
23544
24547
13194
61212
16494
65446
48280
4568
3461
92053
28134
28528
20531
88262
32381
31734
92660
43831
16499
4886
59779
91706
73974
74008
32566
15278
4472
20801
63699
71689
1623
84121
338
70993
78631
41864
74992
61578
93822
46778
75852
91497
4027
65506
47843
30343
46292
4250
71331
2258
87803
520
44653
4029
17741
1116
60908
35832
4087
24790
74778
44517
53252
55418
13914
46024
34505
83159
71230
76802
27897
13079
61034
65713
95105
50331
84154
6998
11044
93545
16843
45282
55776
50374
88627
61180
64560
9392
93105
36881
32010
76250
85215
32728
53991
36420
20228
40577
52995
68598
86182
4409
9946
63065
9948
22908
60275
41874
55266
14936
2009
2300
1158
62554
94660
92481
92479
94104
71447
51700
28317
6522
47522
3310
92123
94981
33255
46116
15025
83462
83482
12801
37446
91671
61665
87621
89283
31793
18171
26233
17123
7630
93309
64718
23622
71961
50327
93074
45093
77973
21461
50670
34463
88679
62338
57342
94098
4416
33159
72333
3206
26923
50801
5101
36515
41744
22769
74704
41794
29090
99805
62823
90465
91307
81203
76372
90864
98386
39901
73453
41257
33062
95632
33584
32893
63466
52110
31773
86921
9181
90796
45845
967
31396
49742
53165
84128
82647
83502
21327
9791
23813
75676
27917
56545
33284
94047
29890
24425
77081
54938
74215
78576
45440
98602
39855
31513
74585
94219
73408
55970
63887
77913
76846
46007
34022
35828
71734
68257
9185
92382
88692
75388
84717
14494
18817
80550
24237
6055
16716
92754
44482
55282
57204
69597
22999
83655
81023
35384
22375
19931
21146
47875
65387
91507
84814
66651
73636
17447
26011
31499
8353
68546
93396
62430
67182
64230
69814
19764
83001
5580
42214
69266
13026
62217
65734
12500
18462
428
5844
38942
1800
74275
11072
52528
38469
67966
25191
64279
7154
74795
18704
60384
95596
52992
58275
36232
52156
73432
92865
60175
65853
76116
59460
41900
69899
4067
52212
70969
70634
41724
63234
37902
56112
56264
26213
9611
78704
82717
7566
38319
84324
96516
17258
7622
65366
17244
30133
32288
44651
55000
81013
50396
85612
31811
14490
3459
23315
62980
11183
57905
94383
60188
17469
22797
8147
68716
93
43738
23201
40724
10680
40903
28334
41270
57437
74625
3474
45497
55229
80904
82415
55626
34631
51454
15100
31100
93883
24284
92845
19440
83565
99391
37920
36912
81368
43135
60134
48437
93885
25985
65931
99656
25399
72194
43973
84293
68859
57779
62805
3132
92721
95397
67677
84050
54185
32954
36895
12164
69341
40283
12685
38219
97122
16967
41650
87195
48905
49416
18299
22341
78296
92962
51908
18493
7104
92805
27867
58069
29722
85826
84467
712
82083
41755
80136
12276
68402
64978
77449
8382
73522
37763
11687
30041
27168
73806
46072
14465
45795
44140
4232
60290
56354
47011
44861
40694
41574
73108
93702
41515
41582
10290
49600
40578
99433
17133
13028
50068
81780
45676
36559
49135
27599
6457
40911
89278
80958
90135
33959
21479
99641
74190
56448
72110
7280
28391
77549
919
87583
43283
97625
61513
66026
81349
76623
93517
4309
62656
3013
79830
73859
53515
82949
7898
30889
71106
8761
92894
63917
4326
21587
18737
6048
83156
36951
32143
89494
50354
6374
82661
80158
33094
76744
42964
83298
62305
14548
41678
69693
3288
3263
95582
48659
18868
65343
72164
83954
7583
51066
55294
22403
21471
69776
6530
69005
88672
44354
82567
44582
9993
17821
66724
30679
77808
26183
3888
61867
15017
65381
84265
89907
85529
99430
84080
5049
38506
87760
56881
63103
55831
72261
13600
2900
56679
42097
70559
68050
34166
30099
82492
13239
25487
88261
14263
18461
61014
83562
99041
33592
69217
4468
76769
4460
42183
36111
46512
24585
60369
33005
57956
53508
64493
5166
34249
67603
82209
99243
34827
67012
69404
39488
50289
84858
16424
10036
75267
13765
92764
88518
92236
61598
50222
95349
98394
16124
42373
84300
95042
94741
7469
17673
16577
6677
87076
92809
51901
95636
20273
56913
62699
16823
85300
90395
84393
75461
79704
23739
76875
24996
10149
67885
28115
66576
88627
17022
71257
6711
81209
37587
37098
49620
73955
79001
54413
38309
4161
37898
25889
89707
72380
67289
29698
98015
97667
7610
13834
39275
37444
49489
75508
93676
9431
6613
14395
60258
72052
5825
7777
32625
87397
83927
54637
15223
13141
44177
56108
81322
904
59877
55
84749
45284
42004
11765
59183
30509
29456
58039
75937
49647
57096
5185
99154
84244
84593
87209
20969
78869
9746
75256
69053
41581
18732
87501
35732
26634
95012
39009
99383
86940
83151
10949
63886
46192
33305
30791
95133
68374
2737
67316
36762
765
51573
34935
74602
97249
95445
54207
27288
53979
2631
37695
95569
27095
20966
58927
40831
63651
2503
66416
21023
36995
83835
64813
58145
5377
76826
62781
86396
10145
914
21668
93931
30899
32139
93465
34632
90562
47574
20771
50147
17513
114
2236
36032
22245
85018
23384
8490
56038
85678
2782
16023
57535
53213
84949
51610
6429
72428
19642
29375
18932
14245
44877
94279
24532
99263
86572
14208
13274
16358
43031
52095
30051
82631
39059
70717
45148
33819
42090
17868
96182
27757
26895
77908
74133
50537
20319
74094
58375
26658
64675
76924
44465
77632
76914
53986
80388
84261
28979
51878
85871
42139
31297
44992
9006
85563
56839
51805
5504
69500
60746
85078
16023
31063
68774
81416
95817
23475
97489
31952
55299
18801
79675
20485
59836
55958
59735
76241
2343
12464
68915
84301
99971
32167
14883
91353
68813
49282
2621
9333
92565
54355
477
1662
76270
29248
59272
95144
16478
34255
64621
73588
16213
10317
34919
33615
83323
48891
50592
42504
22402
3413
30896
68747
5915
73760
20867
9406
94052
50800
99000
27799
35455
16755
16389
57816
7645
89214
65016
3752
42329
37106
60569
94991
45122
94217
61707
36942
81840
55075
63185
90265
12024
55560
14765
16882
33786
84121
50723
7331
3672
78968
7613
60408
17921
50896
20296
1014
78699
19395
37947
34396
89118
45038
63447
79957
269
73371
25898
60982
12320
37538
21870
33594
41869
67996
78350
23832
2278
89607
52649
39453
31787
44111
11695
66796
65440
90559
20104
46703
31993
18691
52084
27320
25521
96985
27821
31288
38298
42260
54953
46747
10127
48493
41819
37471
78950
30342
47449
73935
46529
39772
75416
89728
99587
60137
59539
37447
84864
80466
74315
40724
95917
29876
18408
25136
49814
48870
17726
2094
16654
15915
47723
60561
29857
38998
5884
82074
99494
66010
5647
90828
48272
52749
17907
58943
85572
95673
8780
7004
78308
17887
30483
73819
15818
53768
5210
91799
45424
63145
30189
67115
18060
80530
8820
44780
18714
13555
2005
33698
73809
92683
46070
35299
1303
60815
76544
17582
7024
1460
82527
56161
25938
26425
58662
47864
44404
31411
87503
66627
89892
7798
47296
45090
20664
22077
43721
959
60509
14839
6378
54664
64971
54414
21202
9096
48442
70933
39330
56738
96045
84749
77264
18793
42988
1940
7175
43230
2415
87019
16363
78822
24470
2882
95098
79399
37431
43906
96686
94464
46575
57142
92575
1634
17753
19991
83558
59343
2876
92787
43197
8462
21406
80089
80705
59431
36503
72420
82297
56129
29376
91746
51921
84470
7946
41919
98367
18799
68491
96915
69542
87745
73908
39012
22905
83044
75838
87513
30103
5260
88162
63549
12564
13222
41447
32524
92377
57873
74678
60797
52162
20726
4618
19052
50885
78501
67588
79075
7603
54541
73690
96836
12214
46008
66447
20950
12890
17505
91166
86057
50088
47251
66384
25671
42957
71263
62541
42586
37786
13177
35791
16436
60101
15696
78514
4543
97580
59944
50663
25793
89177
24886
72552
88683
12353
40727
23590
65950
96231
20525
28862
85435
43934
51127
17674
48582
51371
63084
36147
11126
68969
54804
51492
47676
72901
90147
37498
31981
42346
61459
54840
9421
22327
79773
17271
81946
7660
21779
93723
77810
28292
43133
27808
70338
14716
94574
4115
39885
86162
29922
74013
42165
73097
56790
51706
70216
11464
41284
46600
5546
67106
10138
93755
10491
57392
74518
93133
65669
95418
40256
56755
36869
57366
2340
44234
87987
94215
25226
41616
65871
54630
79956
83728
78282
85694
91763
65525
45870
30833
93191
43999
15563
72760
70833
57812
12928
48200
9206
69933
59682
50256
56242
15313
64331
52703
49046
98112
25570
92514
62753
50501
43298
93771
34390
28079
48746
30157
73535
9241
47841
13444
29246
9316
8708
95634
57228
26502
12782
12995
48048
37436
31235
53586
79037
94939
87800
47492
44136
2564
14018
84050
12549
81366
42361
58725
48317
15454
95465
59994
84814
14025
18262
48229
23775
38650
31561
60209
36126
59606
43675
2213
15257
57245
64156
33155
59637
54835
82560
5898
88366
14332
10632
80731
90731
90727
26345
3448
26173
34177
29914
25480
99156
38858
56031
55640
96510
91461
47821
97404
70557
39912
42522
78450
40068
43988
75170
46983
66606
36542
81368
41523
44090
32652
57095
27040
42503
37211
71652
13672
39016
1533
18835
14108
67909
92288
23954
31233
62510
7721
47109
97236
72444
62112
46431
19630
27333
1285
969
75523
81499
94240
76339
5221
27139
53782
16340
49509
24653
62135
71680
97497
58420
52949
49957
46265
85044
72143
8193
67876
41379
35275
89060
8800
92206
4034
68254
34366
9969
36084
97861
78331
90258
77437
23940
60802
90522
72064
19395
24399
28593
25215
37423
28271
55701
33293
77447
26468
631
61242
93250
32997
78290
9230
26432
45697
19816
80529
48587
33220
26971
93190
63113
57074
65221
13528
91137
62800
78293
22157
74728
54466
85767
73719
85703
97935
52350
61033
10891
88192
30432
77543
91144
86088
6062
72374
12554
67710
37247
12402
37370
32293
1528
862
52522
15756
59466
6262
88285
87537
54887
98625
67446
27457
80898
83107
53051
18875
19459
58030
22373
4946
61316
47576
20711
71377
53644
33159
71449
2521
67909
92457
39360
74341
10107
5793
17787
27279
71635
70555
24941
86379
20965
85889
92066
85585
94776
98406
50047
70840
42809
23263
26027
31422
54679
46898
2740
68996
11999
32006
66751
12854
61135
52122
32592
456
51640
84562
92946
33692
59573
66859
88899
86625
22978
98224
5951
7541
40411
30725
57672
47306
40723
35713
12143
29127
78382
34904
12769
99301
46395
10582
53425
83546
53521
57896
5438
43059
24036
9877
98721
65369
57156
17162
29909
85654
61811
77298
99970
54322
79681
52612
11272
63254
92870
68470
51877
18321
87643
71120
76772
56760
98805
22107
59106
39560
1791
24729
99358
31080
2674
11534
61340
44810
72628
77147
97429
43664
82571
70827
8063
76651
80508
1383
32213
95102
43845
66596
21923
83617
16210
58556
91792
29698
22240
46522
31879
49349
59820
26511
84708
69292
73399
59457
2104
62194
6489
51619
37785
14930
96158
50528
13898
67973
91009
12113
74178
98407
46628
17966
70843
87643
137
70433
95129
80421
17776
95734
68628
75509
23406
72558
11428
44292
69382
72275
74121
99094
36423
35270
25236
79551
61857
58356
16566
31875
50404
76839
37283
75958
99064
6105
52545
7554
81011
53027
34579
31334
74586
72787
58877
63611
55672
48508
25491
57458
62484
17159
18850
74873
68945
94824
70683
68445
74663
95819
42424
74954
37018
33421
15084
5389
87508
86823
32235
77722
3428
28229
40050
9545
10770
6645
11093
41852
63869
57787
74692
17275
74835
610
2521
73952
9037
62060
13344
97615
57029
74282
97731
17885
2100
11431
87377
51794
5260
83326
14219
37032
64879
88589
49067
46515
82603
71713
7057
93467
20338
74673
331
38500
77626
15910
90591
32239
98381
17271
41017
50393
59118
55508
52972
30049
38857
11481
35207
21607
14645
86882
74901
18832
86922
44893
46224
5382
63769
84858
93412
89020
38636
32511
32700
39055
10106
36249
34795
66057
2407
49005
58712
87199
30774
73325
17031
96825
73772
6982
63296
3378
45507
41365
46559
61845
77127
11514
7479
61447
40176
3525
15747
76996
40989
25420
72459
7298
71337
7902
65519
80370
33229
73426
4115
46661
14578
43641
24807
48810
7601
93811
32114
31573
59369
69853
61018
78204
43131
64423
43923
10331
43942
66756
87970
16023
64570
8667
61356
67008
79323
27450
62176
54095
88692
93482
44125
98159
81685
22877
34817
52632
11371
96996
28176
4566
46235
64957
74941
9736
30170
20618
97560
31172
2956
55549
58932
98104
11927
14415
35060
14636
86531
68112
96209
15395
27312
37816
99978
49249
86868
54748
54697
81926
41232
78141
43982
76599
21645
90394
73242
26910
63544
70085
54810
8328
44088
12467
10574
64428
52808
749
1813
86988
31989
86340
35735
34324
8373
86657
89935
2623
66338
14522
58450
84504
41010
96097
98080
18398
23668
28054
21414
63201
78089
253
79310
26345
11965
78698
86020
79479
90273
44985
19557
48322
31526
34138
55526
1667
69815
79337
47710
71725
54771
59868
35377
76851
10790
35669
62874
69998
42852
38199
73973
77654
89057
69206
42310
39789
45168
10503
20265
63131
25365
57687
29687
62612
35401
80567
75921
25142
2090
74196
25773
60367
45116
44581
61562
87643
99681
7805
83505
45866
68464
79617
72058
83680
78932
89620
61688
49047
47876
43917
13394
64703
87962
57322
42111
16037
62451
37086
23437
30033
10754
57413
43566
33705
51249
38905
70336
26707
80949
50525
20824
81304
51340
10198
44330
58884
80374
79706
65591
52874
18925
71552
73683
45925
33475
29143
60593
39097
81494
65043
3950
58935
76915
20578
471
38751
46116
14620
78008
37600
16759
17689
85442
47483
50317
316
95128
70182
56858
88397
84823
37740
61856
36837
88767
87633
1955
32130
55618
33683
1961
48634
46631
61485
37232
70829
17339
98005
53675
34835
59510
24677
88923
1204
28581
26007
60678
70006
99706
94409
10262
56721
4460
62143
83184
89407
64811
56328
65071
20975
14020
14233
15550
33656
27757
46710
29071
93387
11951
3567
83610
90305
46605
80135
35604
92019
93173
33871
44427
46505
82945
41649
73564
2474
89482
59497
73554
23346
10091
61742
80764
48833
36141
68302
94281
68208
32564
94551
73442
12063
19397
98834
32420
11530
23186
87433
39576
58202
68932
75241
89745
58167
74340
2979
43074
39195
73414
56109
77113
27522
21170
56038
72252
37950
42448
34998
21342
72711
96975
95411
53918
69455
26259
97152
49309
41843
95961
90096
36890
61805
91335
27272
26987
65094
11861
88355
99546
40458
88274
87599
25530
2420
29845
58612
96484
29160
93089
17301
49394
97407
18195
16175
67927
7005
18891
37118
99258
17086
78581
35007
9805
7279
11859
52752
19150
11674
7625
36084
66937
16441
37412
81362
60231
89067
52679
71581
69640
48324
86100
12239
22489
39998
81652
45198
24961
28270
14691
38352
72654
93713
65627
52155
18375
14214
14011
79493
10765
62997
42323
28794
41811
35820
11535
37468
39415
13515
66718
88165
69500
53525
99358
93192
90853
52647
5861
27285
66224
45701
18158
15931
95885
81584
89214
88743
34522
88916
31443
71947
53148
83325
39688
68410
98748
65609
65863
26544
62204
27064
6028
9999
54612
82849
45777
89924
42125
92767
85403
30471
12952
81704
14656
7873
52012
8829
30868
79752
43707
34781
60911
40646
33360
29237
87964
35608
42504
50642
71296
18802
79466
96631
84421
86272
49635
97386
74147
10055
7202
12232
4650
19145
56301
80249
5326
12232
69694
73182
66959
42050
69214
28807
30147
72794
17885
84833
55875
28407
92779
45613
43055
95462
89077
39915
88062
49211
12895
92117
44839
85301
15258
74024
47717
75327
23075
60189
43210
22770
24088
61847
83875
19416
96727
22420
93284
51627
14485
13510
6544
17948
46552
88636
79814
95088
50546
76121
61547
53157
82682
71206
5873
28338
8905
89059
28225
40748
17613
95480
63370
70468
69517
5002
95941
18414
19642
4682
13892
66109
81486
82599
22263
14218
3845
25475
62075
85716
16788
23363
45632
60929
29674
54688
9269
99970
72033
571
817
94516
39521
67918
14209
49155
36946
48797
65769
11529
88443
42635
24633
89268
38876
90120
78158
54630
42116
26248
40897
79446
52560
11631
12208
48244
31489
16873
76807
99497
70649
35862
8843
49692
92017
50562
64547
97905
12282
80211
9123
49389
93390
33083
25462
48757
77778
97102
57511
80531
68555
1837
42476
1754
20985
7840
47152
8257
6196
74371
89723
85515
90018
72887
95553
99912
37203
76249
11908
32980
61241
34928
38694
87421
20455
15168
9391
82402
88100
11067
19766
20214
37356
14679
8368
68676
3908
40091
14067
88621
18904
71251
44166
50733
81042
41507
53351
5051
5465
40567
35736
34639
87876
9913
21319
74430
73273
78012
59512
53280
17255
42389
41009
30931
44892
87370
18850
40728
61412
84963
69678
79611
94463
81116
99771
29105
88477
55932
51026
25050
84504
20736
15347
87269
21422
57105
61529
37363
17402
76340
22629
98835
47054
95456
39818
9037
75407
38346
86516
62682
70445
19420
21749
34768
7038
4420
6574
89692
24854
47240
918
60072
31684
96248
61994
39804
2220
16412
63953
44352
92476
63180
21451
55872
52622
32702
61142
79272
37177
19162
14780
32911
39092
70346
91484
58960
4712
2829
77875
44594
71537
12619
87719
55178
64113
36354
13776
50263
81489
78878
52867
65835
95733
75816
10684
54185
95834
89813
10952
33929
36622
24127
63085
91289
81708
77746
34806
79902
31091
75996
25086
96440
92771
48327
35320
94979
90291
3779
44665
3417
87473
23740
41667
12053
49783
6123
53454
51475
98886
63784
32565
67508
57346
21661
89595
69373
20650
88278
51768
85214
81938
59029
52995
65360
29695
28322
2590
95512
50302
12703
56505
12584
85313
51065
90308
68645
58103
11578
43508
22435
56167
1212
99153
12204
60777
23416
18842
42783
16161
15293
3893
28469
38680
80604
67959
37279
38169
54015
84492
20684
83109
97306
95812
92647
88820
88281
61722
94140
44777
88633
64098
52635
89776
44980
17103
68885
26326
7828
5086
31396
37317
9064
68706
15239
89787
39892
30157
44522
92102
642
60375
26756
36990
5655
59214
858
33279
43233
795
30017
18433
88652
90765
37537
43350
13876
10980
71604
9375
16020
35099
30670
28427
79069
5971
27319
79949
62370
20665
98547
94105
47344
92883
35171
35995
85915
70860
85349
16501
63828
63257
21718
65715
14455
65383
6423
72363
55072
84739
80301
60790
83901
95846
10914
18374
42815
8283
74122
61604
7146
81519
56896
53543
89388
94163
13294
42386
65194
13872
63051
31722
27862
99849
39647
38130
75773
16006
45795
19910
15069
15490
92579
27793
32147
77810
31333
74475
24818
77839
51427
23314
85872
39779
91315
90147
68698
77293
18089
42389
37064
4848
92754
72531
72139
4862
58305
1140
39779
60540
51463
39897
16205
25395
16379
49058
90490
79699
50937
13741
51323
25923
92711
24268
84119
22825
6450
84897
50047
54866
33239
76985
23481
51327
26621
44099
53656
23725
800
27564
40525
43647
47401
89368
86231
49642
41592
49406
47189
81501
76260
29728
46108
63978
60537
20102
27045
88470
27008
92950
52030
8345
47196
96018
14560
54193
20368
62799
46304
21194
43391
85933
21823
88290
94923
17303
24252
796
10943
12377
16458
67972
36744
54777
83676
62681
99710
76596
47516
13596
19136
50998
21819
69972
30333
6389
48162
76699
60271
14954
6119
61416
87298
54925
98780
80506
8883
91724
70690
63805
87923
17799
47419
22364
80587
25259
30940
8260
10361
11178
33121
97617
80280
15859
99290
42743
190
61811
34627
7471
12350
81960
6642
32252
35822
36510
23849
3417
42180
19496
31852
83617
71161
73596
16428
17754
63663
65867
46306
75870
35631
20411
73751
75400
94059
46564
39392
51192
2178
63011
86727
41091
55681
30206
4452
94042
58855
91413
71530
88116
79169
22689
73918
87227
60564
30828
64707
64145
60794
22188
32657
80092
51043
51645
22660
77717
57404
66714
9424
93737
12973
48536
29361
1706
37885
49119
29537
27349
30000
91526
7459
11904
15632
44106
36957
98336
713
9322
48258
18580
53742
17986
96781
11666
52122
29827
74442
66572
70833
72235
44558
27743
92069
30598
30823
51512
14740
66592
20301
19618
96366
94629
79928
80688
60212
3704
87531
31715
8732
71948
51342
36569
88721
73346
15546
53235
78295
24704
5550
3586
50029
50218
76382
39789
23307
54240
79211
42273
62923
85492
67053
99861
10276
19718
10252
60632
60785
87966
40399
69498
14000
93125
81419
980
47110
33056
6621
61204
33151
42377
915
42313
53396
79628
5221
14056
86341
34236
33249
68057
24038
42832
67428
48737
89879
60989
91108
73836
64874
41104
16906
47990
65993
45160
40221
41303
16496
72206
4057
10249
8278
24531
6623
86327
78089
6628
59942
20516
3607
98956
49071
77364
9193
75558
72054
20187
41674
51485
63588
63392
23237
34499
76258
6286
52076
7754
78184
99575
44117
77442
11379
73125
54399
35536
70580
71231
55666
70951
54373
66644
15332
81157
48695
21063
82040
92653
27688
89399
64770
34588
38704
4233
62085
41738
12410
36596
68957
15456
59599
37609
72376
7312
68333
12189
21502
28309
76535
14325
69042
72296
27431
19885
13713
61019
64479
8773
18712
68310
75996
30568
47874
65037
46667
32410
45646
91898
11254
39773
69503
44636
92887
19808
38525
42731
33517
53381
62616
59670
80556
69965
48941
4123
32687
9987
57954
92579
8905
17409
31755
10616
49816
68163
80719
3331
28731
22054
60196
93830
87898
82556
46870
69235
20644
90128
11143
2087
64310
42992
26705
55527
59095
17979
26247
94773
29889
53033
59162
17007
54937
75473
3670
98468
57760
27163
11052
90611
60578
29827
70187
5987
587
65670
26696
8857
60345
75565
68764
79161
57965
1363
9548
56380
8571
77908
14788
15977
52961
86164
51773
4563
37941
83145
15262
81424
886
22214
81470
96786
49093
19748
77607
75363
12012
38927
14838
78337
88476
30955
35423
11092
12021
57474
81166
63592
42078
19819
99080
49644
36564
25879
16592
54469
88287
89883
36421
27663
61376
62101
58984
20210
26087
57406
42748
58461
78210
59883
34950
27777
55183
14079
7412
36460
27634
67888
22170
49633
1122
51892
52503
52849
33597
71624
72118
72504
69180
93372
95377
34870
5026
95039
17391
24136
51886
15363
17006
60418
50255
35981
88892
85932
95191
47355
36959
85302
28456
31058
30997
16249
50027
55522
60437
15692
54784
96472
35732
20992
57744
61377
24836
74776
39390
16438
55767
41064
64924
66185
91809
86985
87193
42953
6971
28661
20184
46325
56164
39110
11740
51387
29378
38630
67135
13548
90182
51954
4866
1342
51278
48400
18751
7645
53892
33322
3994
53967
22595
15750
55670
21250
10521
34787
98115
8469
37384
63314
87317
85664
76103
91950
62161
544
36806
70074
4192
84099
67727
98966
53446
58188
22983
42270
54316
8964
60467
82591
97945
62270
12504
83413
72095
20708
58107
41606
30066
4739
43719
74645
2036
62800
42540
16165
45035
12181
57700
65354
40659
36764
32114
13805
2448
45655
81188
59868
27996
25322
87767
33899
72319
62262
95673
84715
33117
71106
3081
27781
83209
77448
21530
3028
62423
31769
48567
23516
67918
39310
90401
84714
22556
67084
98548
49770
41060
61139
17928
98527
32147
10275
1138
39011
12785
42924
56330
30395
6290
17808
29800
79381
22764
28919
43112
33249
21507
38447
73036
87529
17823
45086
97921
98319
49055
87814
13561
76353
46343
74355
58103
29243
62389
77252
96362
3322
17810
20243
33104
59288
7939
14147
90332
36969
3743
4901
70387
66545
58395
73191
6736
24799
17761
56250
16871
85802
72544
2302
4454
63143
83900
20844
51447
84420
88166
54175
28226
85540
67110
76896
81039
7640
87668
92653
48554
80854
54087
23014
28703
35928
49125
57555
89893
35603
75256
68213
60855
23698
1154
85448
55389
76399
43527
58993
45353
10766
93929
24842
74173
3670
54865
44615
86410
4493
33417
98436
58292
18159
41671
82797
97809
4746
48227
35849
84592
25496
50185
78212
47574
15130
94634
46776
4803
68494
73037
95927
14995
25389
51011
15224
54721
63972
93048
30811
72390
33100
11845
61115
35583
68264
14179
53903
32909
41243
51770
44156
13237
47843
32823
86459
34856
23734
97276
1090
77021
51095
26929
62450
90649
35157
92824
9917
19761
14465
81406
4241
37382
96393
61965
25126
46736
82774
41087
94944
35606
45534
54766
57152
93560
61927
72038
41709
47696
35385
47835
90427
47757
73791
67959
89558
93247
13978
88044
66349
57041
83041
65799
95997
37039
84952
73157
85881
74153
80204
44864
1427
18448
83401
59234
10506
57918
97528
15579
56720
48818
73209
75565
93462
27480
90232
47075
99414
4975
51714
93724
3012
78488
43064
72115
13413
32685
85617
71720
65263
66143
14153
66109
90432
72495
54619
97292
5609
65899
49560
33525
14707
89448
91476
4454
29603
78777
89082
85319
24248
714
17855
93247
57616
39643
72468
5158
2379
73116
22357
93351
75559
49890
11838
19377
1514
60899
3582
45660
1118
95443
33699
58611
57047
77916
63829
83297
38288
63219
20191
84124
37588
30077
51879
83209
1432
82046
68287
19306
20901
34329
45524
90027
29331
48457
61316
82053
71601
88922
32845
68620
25506
95557
3040
40604
31393
46951
88851
7803
81221
60989
19542
74122
75775
72253
59102
65230
65824
27316
64381
67125
34456
67224
27923
63335
70745
36105
78590
30923
49626
61481
60236
58610
39127
12468
79889
52452
9494
96606
49460
64390
47268
78600
96260
65381
74334
64799
80232
28194
90988
58961
41651
61593
35111
97964
63318
20303
20028
13941
49872
78583
87912
20066
12321
90657
81155
15125
21436
16129
71545
38101
30842
22775
61939
65386
6827
64608
78133
437
68488
42393
2400
99274
14916
74411
48823
9963
93825
6007
69055
43298
36766
96830
46624
74362
10926
4910
47720
87546
61220
57221
43855
52096
58634
18243
42325
52854
30705
83408
53991
3476
35459
73127
7872
78066
62548
24158
75404
53831
43383
12787
61928
64579
12493
88948
82693
2629
1208
77643
37676
51226
49805
52996
43867
7475
30440
99677
38765
97601
37210
51881
25976
62256
80477
20992
47600
86013
82824
96135
2985
68629
64541
9783
71546
96236
72864
54605
97756
7959
12131
6222
97105
93990
7548
50356
15874
64225
49816
17881
27073
29982
94280
63038
40621
41212
37786
61497
30228
56320
27619
82874
71507
29193
46040
85560
39160
21106
82075
72828
57992
12483
29554
17129
29565
81748
78452
9959
8679
7904
55485
14251
52884
88098
32033
69732
54826
63438
54397
15141
7440
98286
28233
94698
47181
24887
64521
25513
58984
83688
5827
59350
3790
25695
65259
69714
37779
89272
10585
87537
15023
17250
51132
33383
41033
6592
70216
45103
92050
92985
42347
13048
65384
22716
65854
87180
62331
62547
80695
53309
82381
43971
15739
72847
49554
12350
5872
17596
65654
32101
4880
92328
29054
12445
48665
1442
26246
10892
62082
99315
82826
83888
72328
11302
21920
37469
83207
76884
95139
17201
95972
39818
94155
40310
79207
82970
73335
72851
8678
47547
39052
70319
39548
78910
87575
69219
46648
44814
65198
27899
38642
88739
24501
65417
76312
86371
24349
36741
10023
74005
53126
25221
20853
27012
77605
59797
71499
69036
60129
70388
77329
10628
37688
7787
32065
3591
27454
15498
51133
60065
18949
73184
2044
99667
78136
26742
77087
8163
71201
24009
9570
1412
12907
56067
54734
52061
68033
50389
56940
29560
73365
37843
98900
81737
67677
34316
7587
97849
10456
77540
53675
89582
399
36399
66500
93657
46262
50412
8544
97947
65329
63292
8189
1652
8947
79295
73683
35466
11362
91465
74093
7987
76279
49701
46388
74944
16161
46950
72231
67942
80585
37542
80679
46633
43056
92253
70351
56326
77108
3744
46528
62014
58353
31379
94938
73755
49669
8268
84360
71264
45804
71558
40978
9137
99722
69950
26197
72764
35495
59470
60080
49954
5204
64644
52757
98950
32940
44286
48256
44273
62261
20516
28547
77504
60998
98369
4255
70955
49859
22783
368
97618
3107
91807
98880
51973
76210
19698
5531
62160
49779
29367
52354
72770
66909
17138
80825
69017
63687
43269
25467
51788
93502
44365
71469
3029
26546
90939
68720
42680
19345
19341
1104
51252
85675
94825
41593
78501
2165
33365
86666
98963
17993
54806
1121
25530
20938
38211
88566
5463
20197
72998
55876
57452
498
80719
41602
59697
51131
18516
5775
84631
88116
22088
13036
20506
43144
99158
97731
31682
21108
3771
77477
29942
5004
87166
27058
318
86972
73837
73521
40339
52778
43413
14848
25125
27542
6653
6405
20584
47139
33120
39970
4188
87695
6949
40775
47640
61310
11997
69538
56787
29397
48504
57905
59662
27426
50052
89048
90273
22841
64067
25358
19392
47130
167
54066
84810
25742
74829
5883
83183
49807
99284
8205
92027
16135
49944
4231
64354
99569
96527
6521
20810
72092
30592
93618
25936
5454
21051
25944
28344
1797
92952
1009
81748
99289
76112
60222
16976
16957
75346
89256
72312
13284
17763
4274
41767
63040
8821
90958
60205
22469
33891
66411
24508
79596
20582
61964
36399
56852
5495
88404
97814
612
93634
6046
96227
88299
42883
24777
51339
40487
58975
36720
56825
7172
39201
69943
8533
49021
76048
49185
80460
81662
90730
12831
96028
90666
41856
25123
79102
29624
54733
57362
52657
95032
79347
18456
32607
21140
67924
1206
69102
71505
16426
32022
78533
69845
17123
58015
19320
25186
67005
45092
13459
24672
14042
53110
62687
87258
75584
15546
28819
95070
92752
23637
5883
47816
45952
65828
87645
89848
93623
75209
34126
22239
18981
67295
98704
9401
69117
94766
34854
72597
95888
95354
18102
21360
47974
23510
20697
95614
18107
68598
92770
93994
7444
32162
80552
4118
84029
12230
29682
84539
1761
87814
13086
47604
17061
591
3950
81526
71681
96137
14192
41623
1276
62056
10025
98960
61571
69314
30205
82845
45125
18427
55837
45185
11854
56540
12429
79462
27902
16738
48945
4162
30886
85906
91859
885
67454
45674
13332
80399
68934
99635
13
11406
63191
73810
71552
62117
14820
21374
46656
88921
44659
20909
43194
39749
90194
23751
78814
6013
99767
34363
8206
72207
35609
80368
60769
26565
47396
96275
95796
88263
96733
33648
19215
3678
84275
43836
18448
23379
37534
14703
24630
35926
26007
61839
84299
14075
13843
98119
64558
36830
56156
86742
33725
48263
11406
11524
67132
37801
52043
19088
37892
7236
35132
37060
7979
83978
11525
28714
77867
82207
93700
25528
39762
38137
79237
88422
14438
75943
21989
68257
56147
41134
62209
60759
90194
79119
43098
71251
83831
96452
93255
77443
40055
64233
80023
30740
99316
68183
24034
53279
1095
99979
93258
28381
35977
7590
59731
42358
39262
91021
10620
9623
52830
77681
19226
60578
26785
47593
6256
3455
94247
94107
47180
58321
93985
67322
72032
22979
20607
63592
77628
88769
56663
23517
40293
40834
39855
27776
8788
36355
6055
8050
66029
66416
22182
22666
3674
85723
60031
40794
23108
90159
96991
4849
57870
99229
90486
98714
32046
86933
19040
19106
48232
84530
43791
86359
43112
39212
33015
53643
48348
28465
38005
93464
23020
41773
27421
92093
75831
62565
11455
17991
87723
68772
90516
35243
67680
65581
75691
12015
84786
33647
13387
57128
81178
20278
82436
25854
97224
92766
9878
65260
77182
58083
42493
4708
4108
74612
28088
20560
14339
71045
94612
99794
63928
16740
12122
49836
38296
76995
84914
64220
39970
9908
24627
16447
75718
55315
41896
96247
26424
87069
24256
31431
26736
81662
62257
38395
30593
59368
36138
67204
40531
39263
11604
2241
85216
34674
89541
41049
85960
22468
26785
35621
61522
24392
32908
58603
89951
73131
64273
95684
65964
33163
23208
41439
32900
99014
55303
19039
81919
15885
98216
78079
68668
66007
13459
12310
94678
80498
46920
58230
1670
35156
63243
53646
43412
49583
29708
17935
95419
68259
6353
72875
38425
47694
53379
64985
69327
99455
48498
29941
77851
55048
64166
75685
74864
31281
19043
91991
17743
16552
41623
17574
22052
8854
86980
33531
59103
84686
78085
2543
90477
28511
29182
14959
16946
86089
36356
45656
96677
65836
68966
80866
57993
78203
81719
53977
79364
30992
34329
89190
93181
46073
53544
141
85207
43280
27456
75760
97476
76072
88267
51504
94152
28643
6059
15027
84940
63073
51105
75425
87866
94642
18359
37992
67772
17613
62960
18784
47500
66937
59114
75305
73399
73320
21581
16272
51699
41732
76371
96689
92505
609
48500
59350
80545
66578
92684
53565
66810
60824
18123
66199
20194
10453
23034
74317
58120
50943
91429
15453
219
48368
65161
9763
60975
5913
18171
9043
81580
92279
68754
99586
88466
90174
89458
11524
28301
47538
50326
75887
20560
73524
7033
36991
12657
29177
61697
45844
75266
2071
1001
87445
48967
75896
92618
31223
25
66353
87333
38585
54550