32605
24776
31044
39332
63409
46317
52339
42075
84549
16138
7069
4572
60814
69444
84380
44172
54294
16276
22058
55278
1661
96222
44179
50629
79706
83500
89580
46407
37216
37479
17852
14849
45467
52818
73560
49633
23418
76195
64397
43748
43142
71774
87670
61468
73200
89263
50222
98941
19466
64420
21855
7876
60363
14405
27609
65124
25782
61457
71998
36303
9300
92182
61850
53118
54173
12908
29072
37469
92150
48207
28079
93334
46933
71352
32451
13432
32032
34615
52616
27780
59827
44718
31642
92179
1216
46605
13320
71495
7696
77989
5094
59053
32840
10219
75521
89580
66727
95052
9390
3981
23307
12199
86844
80166
10356
45100
85032
36837
30176
84719
64814
90229
66133
67336
3773
51568
84670
7914
10244
58882
16013
22205
31336
75861
74206
49499
40375
34686
46908
15524
6743
44035
97180
48575
19896
39432
69415
26605
76936
37589
80502
73739
93829
80325
35702
95012
54125
3150
93258
20560
33809
46920
85200
78830
54952
44475
70396
99321
63584
12969
43328
38954
54095
58933
62733
25897
91271
91759
99027
91057
1864
94910
55236
70432
13392
85768
48695
76375
59181
29729
66249
14324
71571
72493
66813
46186
68809
58228
34980
51226
59678
16193
32056
81904
7033
50198
29218
33980
98286
83344
44796
83083
12396
65363
24784
6785
27955
61394
79839
27893
25475
42013
49085
6058
64399
68071
89914
36710
56401
77874
83484
66481
50551
10905
81927
52363
38107
76538
78079
36169
57392
47071
16709
12494
31896
9096
56060
54083
96978
78902
36431
26419
93329
3830
56044
51077
67048
93576
19720
92374
32770
25739
40134
21650
62062
89383
2611
54383
3671
44726
79112
17254
89393
98767
11730
70447
88847
41745
97710
37273
88370
94665
50030
52259
18620
47712
55224
77433
75235
43492
34318
64398
93249
76433
84168
83506
91783
13340
13469
95920
55890
8924
59617
95847
91126
1621
98312
48099
51926
10434
37417
43927
26806
90015
94429
57305
36008
88080
61095
75707
46562
60337
66894
28001
66545
24346
41029
45668
69575
48207
62475
12770
27247
89474
92270
50623
6498
34917
17227
59324
87505
93552
97040
53266
73090
82443
4483
85579
98297
37369
82075
35198
89835
88769
82380
92261
30360
96762
80416
45532
58481
73810
33217
28408
94804
123
5171
12930
87769
96338
87710
13103
81412
40974
69033
28957
78267
9282
92290
51532
66450
88942
81338
4822
13634
83240
35981
46892
25688
29283
28415
59279
64809
20217
51010
44392
64131
27419
6836
71365
34175
8593
35590
44688
1363
90895
37847
31981
87012
11223
11390
36175
59384
37541
19687
408
94217
43708
84340
84012
19190
68650
31749
91633
70292
61754
95347
86789
18529
36790
6325
42715
22681
43254
41190
41715
76481
57929
9918
44437
99425
93983
83740
26506
36175
62738
99077
85751
37286
52047
76710
60599
66134
5156
39894
80180
42612
3463
74967
97634
38866
12544
26299
5816
17962
16212
74626
65580
13715
81456
28642
66249
49398
55214
29408
54511
21691
37351
37274
32776
4348
38421
16999
52291
19515
16100
22966
76206
98831
58452
45747
33364
35866
40909
43912
18129
39926
49408
36416
462
98637
45238
16166
6462
6792
69432
71629
63124
82879
78745
90313
73694
87663
97412
87578
76802
21514
4253
70985
72787
65417
86871
23914
91920
38556
28882
97601
93337
8577
69582
50882
46671
18675
42832
81936
27303
45242
58320
44583
39051
12000
94269
28118
48622
33444
50446
94915
30697
28552
197
63506
78582
7524
89282
7489
61288
60573
64226
16042
65445
82896
77073
83116
25282
34248
94131
7107
70265
2960
811
96659
88905
64291
2278
54148
77898
24318
57991
27911
28492
82198
37648
22519
69707
22182
12617
43995
65905
6273
62224
45704
61064
58822
98814
4963
27098
92466
25938
64899
65767
58223
63132
25365
98562
33385
45416
94553
29865
33953
79940
68874
383
13691
65616
68411
36359
15186
28770
39101
99903
21996
20882
89885
92791
26664
93129
22922
58444
3187
70977
82228
24838
30553
84984
11504
17578
30233
15959
536
96988
20818
16569
35439
63381
63481
13435
55426
45885
60141
23871
46122
92806
19841
26396
7983
75237
75032
44389
18598
76557
39408
30932
69978
83561
12949
32851
99465
97909
70837
87879
18341
18394
75860
81338
9723
51076
97910
41667
48560
78594
43097
9268
78215
60186
97542
72736
75296
98630
32188
3815
16474
92879
54732
6975
78201
58468
64388
31456
60419
21207
80067
11917
72452
41556
29451
74394
80177
31263
77396
66014
45353
81897
18268
81558
52376
37710
28957
76787
92373
41423
57687
22018
69899
15015
37741
43382
38197
9420
33388
91284
52579
45827
87941
99131
18297
15936
10363
14958
85142
16793
1624
63327
2642
15430
53114
98649
7072
51096
1611
56650
65587
85747
4142
45931
34141
20105
18037
75118
11282
60596
90896
14243
78828
95247
43871
3943
38984
9425
64009
47369
7469
97000
59077
87098
95629
12622
49909
23121
15203
266
59443
11160
22780
28486
27396
54646
77779
5225
76489
19322
73493
12624
26932
82817
28835
82541
56087
59172
97077
87548
90008
18593
50715
13278
2624
46819
96383
33236
22099
50801
23526
32250
74363
42449
2038
58717
3293
96119
50354
98138
88909
54414
92512
63765
74812
74529
47467
90739
98063
61510
28516
17364
55372
47623
50051
20656
29454
13167
68300
32365
16311
21102
3757
10042
90309
26889
4451
79820
72733
93601
99037
30610
26756
94046
89592
3990
33709
74359
5929
91123
58380
10881
75225
1422
27017
17298
82986
62706
3408
70705
63640
73228
36326
77979
46491
37503
28822
51092
74729
48901
29801
87529
45336
23012
38451
81374
44641
87304
47722
32601
33792
84706
55698
47401
29048
18173
61652
21524
45620
12312
14381
31004
53383
68997
65538
81838
48565
12926
1714
78055
60267
44543
68996
96194
78120
78659
71358
10882
49823
56830
19767
87961
2805
12468
97157
9523
94245
76085
2416
55042
81539
9430
32936
91398
27454
19373
40433
23001
28766
71337
83356
58228
96172
86443
10130
95521
55729
24037
76265
72415
26455
19213
65625
99627
4300
90653
5672
58961
79556
90571
96417
56719
58014
19424
81860
56034
76319
96312
86071
47760
69691
8309
91961
58161
88882
79615
16919
19514
55222
76988
67000
20871
23115
17064
68211
11877
29320
47537
19584
90329
92474
27442
17132
95376
60231
17322
4838
17029
26607
2488
8246
57064
4303
39670
14126
83121
74784
81550
5816
59681
34492
42557
31726
51760
75168
3555
72009
13177
75053
68900
12145
58494
95785
98111
13364
27385
2018
74408
35698
65217
25395
33635
43892
85077
95935
26367
18236
66344
59194
73805
3256
88905
74214
2204
97489
53357
63739
82355
12320
42299
53984
28618
17951
8884
17270
74149
75645
11262
5557
60045
95595
13835
94861
60781
17204
62954
10158
53478
14922
52266
81283
91151
7611
13223
28889
18093
28195
97426
3390
13227
99130
90817
31237
44310
79214
56336
19781
69944
45547
61330
24609
7471
94551
48024
1027
67305
25082
97085
2113
23422
71771
13675
43009
40681
48614
19118
47033
92388
63272
73844
27375
86752
37693
50717
60863
99870
48033
85124
42715
77421
11619
60266
77004
45760
75384
5499
78391
22251
91819
87263
40987
19674
40498
30144
63991
23758
37020
63187
45736
78101
87878
94597
68880
11877
71021
58403
86803
11284
41213
81190
3866
68855
29992
25177
86042
15893
11059
32104
50415
24808
2154
86375
35489
68335
58516
65788
67689
51698
26209
90026
88973
28596
41887
12763
58087
56238
55308
69353
75492
61230
52966
34600
72680
2699
31614
99860
92782
30979
13612
21363
73197
54227
21819
34599
29175
86546
24581
41011
73403
97002
82265
10726
22154
29460
29624
7080
29686
84848
79296
10912
62198
56830
69216
6912
1991
13852
21450
591
50221
73404
60006
76081
58647
87136
81987
57140
29472
63349
68968
40057
57937
87370
49641
75004
73955
5515
52021
32450
13507
33310
45484
82111
79951
7129
23438
70657
348
70462
80655
71741
51866
87093
16998
70292
18959
5828
47429
45281
92096
41869
65027
92418
2959
51620
23412
73120
83581
41003
19386
37916
70192
61165
29877
98904
18544
41971
19509
30080
79180
55430
77073
94931
58554
4802
13744
86098
27067
39346
64933
39331
37276
3118
98776
57346
46617
77582
51710
60357
60700
7626
23082
14091
59043
25296
89117
86432
98848
65056
30682
12111
4057
41479
78708
40709
28848
21462
60584
98013
78270
64735
50151
78542
70424
16524
16364
18701
20851
1756
28396
80480
21763
60474
38763
93601
83615
763
42378
49419
44481
50292
49214
22244
42825
58230
93757
41062
27553
2567
72178
34091
20667
22846
67280
98197
87447
6555
76738
79128
74721
12832
81313
13637
40759
36144
1087
80979
69479
3459
37120
7820
87031
88675
44840
58065
46751
7558
77135
88107
23344
71304
16689
911
19480
41476
81763
66637
66269
24431
51360
99158
19911
37937
85377
37703
94587
87936
62826
51926
5281
25595
55009
25080
81223
76577
39290
65676
95838
99883
67342
51720
64514
47084
32842
99806
88280
78724
22180
98378
59344
15803
94536
2939
93065
8128
71248
95835
39219
8766
9106
63773
97712
9496
50771
87170
24692
23745
58841
88360
97292
38746
20639
92528
76539
48361
27745
27082
23294
86258
64215
90815
23313
26229
60799
10651
7595
88387
24243
46645
45893
69150
54137
86268
36952
15981
16729
88703
18531
84473
68329
29209
26124
11847
57317
59256
72350
61297
58938
79945
2736
92803
11233
89857
64134
20847
25609
6730
55025
39694
62477
4232
37266
97620
11332
80039
32637
47406
94744
4419
65144
59419
32238
82100
22689
46724
94596
97780
47951
23673
11673
13709
7441
27658
91269
42660
90419
9151
5929
188
97696
29236
23490
9897
63489
25268
29559
57010
38274
65296
15730
85986
26998
69660
26444
98635
99665
38311
2304
11831
59923
7350
93121
88364
88293
27964
21703
97531
94811
49367
80357
2502
76410
1641
95510
59116
98355
87185
49942
74034
13485
13574
35629
56751
2561
85041
40550
72500
67583
73828
63422
51766
22862
15962
90999
64537
89552
18699
37516
74587
59939
57932
94655
15835
58500
36706
89902
94788
73487
6273
81637
26714
92929
69093
64364
51935
46782
75692
16417
25186
59119
49678
26593
22276
52227
66714
63
57993
18966
12910
5463
98040
14415
49522
83196
89775
19074
98962
60141
6694
32599
84886
32743
23613
93058
30464
27732
73125
45233
83266
9985
60072
2756
49209
76077
67223
12662
99978
74653
27182
39195
99127
52780
3013
56802
96637
92160
53814
62681
57389
9144
78981
74735
27910
70881
62545
58260
3372
69448
69974
45373
66279
56585
48701
93316
28826
81094
6113
93485
60413
87476
31902
6019
49018
10735
51159
49760
56225
53230
100
43563
96968
95953
94807
32060
39075
95511
36297
93883
36764
53420
36198
59719
79631
8607
74706
64690
17796
77073
84182
40585
53065
61609
96075
64338
14123
94725
18914
16750
97618
55276
29357
77278
375
47134
21710
40385
50594
3436
7738
73243
24708
57124
34664
95314
32013
25701
20636
75794
40875
75345
37643
66448
5569
43328
7051
3532
73631
80977
67513
54191
30212
88540
43302
67252
72460
65634
70494
91427
75095
98758
14358
15160
77369
32501
20434
67683
91959
90176
47024
96840
89220
6635
56180
31046
88984
80861
33489
21557
38538
99672
30929
35496
83402
33986
34817
39059
286
28002
69436
94150
58166
81543
58547
17238
37518
70530
70869
42973
4480
73044
34465
43416
12227
92993
29797
19086
10148
94916
83537
35825
92383
95740
83677
8541
51674
23268
75572
7869
88638
64609
44700
36077
69555
46356
43651
61562
51703
55343
4904
31877
23643
92548
46882
61830
75898
18937
89137
37197
13591
36888
61471
62564
35538
38787
83155
5137
61126
47621
83154
51736
83938
93635
83378
70044
27682
75857
79420
57894
3305
1888
87357
60798
39389
21462
59689
93078
25792
31030
66637
9351
87686
89790
66512
97682
17016
96912
53477
93001
31971
19144
87535
34406
88093
19820
49905
84568
13750
93313
529
26591
98359
50426
22408
62093
71227
6988
27370
24556
65542
5853
204
23038
82245
91450
24694
33408
88068
14375
60199
37832
80710
30066
91519
70445
42500
88865
5230
30469
68229
81257
87190
2665
17046
13760
3199
6965
3335
53898
95831
51212
39970
58992
6787
40985
10216
80304
8199
72656
6826
67629
13966
95314
33
31686
48759
52463
24010
6597
95708
34886
11522
20686
15200
12264
48761
59287
28564
92027
23030
85686
23366
8090
17415
42549
33062
65498
97315
83587
42454
64711
84863
25189
93966
76749
13001
94954
84809
57138
5380
46492
59216
18720
63360
98289
24417
4897
7317
82145
12380
19459
82396
89075
30025
46907
43946
49072
41417
66469
64810
77177
33399
73225
64662
18579
53147
93658
39538
8960
86699
78745
96869
5610
51934
68758
68148
85177
69519
5238
86333
94948
9098
94352
12333
67364
70070
369
78558
85763
91295
78367
25649
20532
46046
29051
59140
86300
59592
12511
66128
73645
35536
90535
70561
97940
75994
66061
53619
49032
85405
57164
38149
41315
82835
17542
28957
11726
34720
39585
34840
58900
72189
79116
31980
45048
23328
51871
69244
59683
34122
37472
66198
66901
5740
19170
94765
47101
62391
79720
46383
54116
69471
20072
78466
42339
58058
81162
23231
12149
43387
51919
36331
92038
62806
21615
68718
88587
21647
38427
81842
38124
76884
85025
70874
5884
9203
28749
54908
105
85577
38892
86205
63887
80425
55532
16391
1447
30181
4960
77545
6460
99803
15712
29291
21726
78367
27020
33101
63279
84833
17649
29339
42683
4635
88516
90415
80837
24314
85196
51811
56829
35206
51964
29873
94989
68431
84478
24681
42195
26934
11819
110
18056
52981
24374
9165
27007
60428
1737
56507
69513
5865
10758
44042
22581
78899
25392
87912
85014
47891
12003
99029
69596
1312
85757
72030
41156
5445
34720
69979
86219
9521
11344
49825
78878
88475
25590
51620
71021
52944
79687
50637
45085
23227
87199
59796
74653
77519
61767
85435
49809
3060
62806
83110
25770
67596
11987
71962
84950
30528
8056
97713
98707
77388
86162
80855
28511
91779
95429
10117
58156
71808
22892
59480
9583
21387
9183
73772
66647
38853
15917
55130
41402
4624
99784
8459
2347
36381
26337
62744
92008
29939
23240
13472
41328
61817
55477
28613
63954
43904
56485
52643
54240
27920
81916
51982
92995
36973
8553
24711
4296
51238
6407
10074
48151
91067
54303
17687
16132
25192
69387
49995
27710
79378
74774
17147
23493
72204
41343
97213
61722
19910
51068
61202
71342
9139
10842
6052
94140
47062
83075
43896
20466
31465
39257
16559
78538
3369
80798
33055
49688
29601
23926
29481
90940
57489
4036
17207
13911
65754
93937
88340
39930
86921
58412
88711
66553
1310
13195
82318
90623
66937
90447
57171
59035
81216
74086
16813
15289
10318
72777
6102
70987
75931
24806
55940
86629
52324
53528
14087
99529
2551
21458
98878
39895
72382
97755
96886
72678
15333
73202
54623
25776
28073
65523
47117
62599
99807
49426
27880
65573
98879
4772
35536
96130
54699
65310
83602
13503
73663
46037
31007
86527
58647
93476
10895
62165
31799
77323
16945
6423
55195
34356
81229
99954
65596
66066
60601
22200
7612
21602
32692
98197
11054
7475
48034
62112
78501
50658
92517
92492
41943
67038
97556
1533
71693
83499
13915
93143
19434
12834
56718
79570
41109
65205
34635
38827
71493
7119
62027
79956
9417
93594
80005
80652
60273
81403
94464
26313
69692
93304
48210
26705
64799
4729
46105
14759
13774
70540
23317
33315
58474
6370
65153
67515
24551
86904
68332
29533
37177
62288
33848
79231
3067
6525
11118
15725
98043
11038
74428
8737
7109
10081
54701
69361
24810
25993
44643
34434
13133
57866
29139
83355
97803
14897
77821
15380
74756
40833
11366
37613
14634
80664
37236
49467
40613
41264
93573
12573
23648
86689
80012
11917
35284
59267
84234
86801
22158
60946
93381
52081
35808
21834
90055
80900
2849
59026
85238
52451
22529
65141
16171
22623
32334
74443
52721
87630
24060
48054
85404
42880
78708
6696
15012
83568
65404
12194
2268
534
93887
72471
57779
11929
32504
61552
26951
64385
80192
39656
80289
91339
61042
78647
17872
69110
46071
73133
31941
92539
49844
33428
51657
45945
33836
72887
663
4078
22418
15713
22009
87874
4431
83390
63458
96572
29036
7551
92485
34712
70845
29465
48593
39249
18410
24620
12266
16280
62811
77377
65828
46758
2368
62573
80638
35214
29338
66387
89561
38763
2122
21925
99476
96217
63699
57802
29413
20416
67534
35067
91190
96811
30122
19432
68794
8439
72798
89208
45259
68423
81229
83149
74593
98548
52885
84390
36080
37377
71540
82078
18911
27532
72503
59697
45536
83201
64
72767
63121
73961
36499
87273
93806
62559
21469
58457
74033
87843
21058
77854
90184
38632
72546
21908
85232
42312
69062
2818
58099
69399
85037
27069
68188
72020
17774
73450
76595
34012
77257
25921
75705
55737
55406
48397
16609
35480
98761
15312
6985
99416
38953
66371
16436
56926
43468
3834
28934
19238
13545
40038
51003
42452
53273
79701
74372
47560
63138
50900
65887
42959
80642
33428
93586
42518
64500
46922
62275
24090
4450
33680
32311
64699
31400
79178
82469
77071
92256
24195
9654
43474
38736
47830
85308
25787
98700
43368
86188
59786
38473
5490
15193
84766
18463
33052
41135
61635
50905
59621
25736
67848
87005
56703
97390
56111
39698
38424
83630
80509
12307
78451
10837
3217
85039
72436
2954
50097
34906
44539
74023
91488
59220
13192
63638
68365
88692
26621
99684
1572
30865
9185
61572
79175
85132
81088
48579
23864
18653
11344
60835
15469
19672
53070
20470
20038
26268
53127
89561
56346
89144
78419
29802
14221
95258
67515
82312
45823
95445
7483
24966
8318
84655
64579
18283
59707
82245
64375
12105
60442
76347
8374
78551
47651
48227
76024
96173
81237
4040
10737
64348
51386
51545
27730
22536
71926
55085
43599
20452
72953
65591
65722
39016
87284
14919
34990
30320
69096
74874
41640
14132
22458
63680
95856
47264
95138
66888
42998
64975
48675
87338
98838
18857
39861
7312
49278
76534
27422
43522
11335
73917
74111
11149
9182
78622
40042
74031
31911
29833
18994
15105
48183
14521
55483
26561
14208
17136
93136
99067
70570
46767
56979
59412
79484
60754
32078
30195
82681
72583
33737
51085
73927
3337
22197
81195
45900
5661
73925
63929
26705
32520
15804
30477
18952
32587
78145
9746
37738
12380
10223
13233
25113
10562
88233
11611
79812
37261
42635
26229
92297
55439
17371
82273
22772
9147
93918
37541
15046
21145
28199
55930
58065
41314
16043
36146
90175
66430
18256
54151
94643
75192
92548
64764
9479
90907
36041
79027
87700
29068
66894
55115
33200
46051
2745
17426
36018
54406
89312
70863
62929
8452
9591
33957
69546
44300
93987
8165
65153
38855
42797
14995
43102
28376
10482
61746
96472
35215
78776
70479
30160
44004
48219
67271
99412
45622
64934
46198
73316
30048
57341
44381
20337
96628
42486
72207
78753
93976
56520
14424
47664
38746
38043
22475
91216
18608
49567
63814
83633
76656
42201
3844
23483
28361
70232
87711
96184
58877
7238
49055
83439
33307
3994
23268
86571
36509
77546
38124
94842
97115
72157
6721
54001
3497
50846
61378