83493
26604
49717
81894
65377
49249
30191
34836
43674
67959
73592
51547
57998
81965
51847
98453
21467
62985
12357
5062
88554
31272
64
5607
6377
37824
85656
64750
60208
38900
28758
604
80358
38547
46045
39874
92475
6477
952
70193
22805
49011
31411
1405
60585
43274
32550
4973
74847
99244
54476
43873
96697
13915
90258
3936
7564
93858
66218
20286
98124
18507
81727
53830
99846
77814
79331
46634
51462
72220
86404
48708
89689
68225
73342
40519
60269
53231
38538
25927
14165
68693
24755
55426
72777
21820
64201
51465
18122
20417
71407
29103
85922
13395
22191
52653
26442
42731
94253
816
99941
8739
52056
81632
15402
44053
16093
76077
74847
87793
98262
15576
56512
67482
95904
37083
15871
66301
83306
59414
41094
35887
71081
76535
46552
38979
11880
25957
42165
86084
44605
8393
64700
50837
14743
44026
31947
67139
43219
42308
22369
9315
69838
59668
24549
11373
38933
77058
40000
15061
73720
72123
93188
22370
29565
33257
95504
88364
42672
15074
85612
84791
63032
23242
96047
47879
41573
35334
11424
25214
33222
62142
73785
18745
21111
27374
67399
60196
73207
52393
31886
6101
36311
34699
72650
44940
82734
2937
36304
59556
74346
1623
84626
2070
6722
94278
13506
59595
53574
67863
19694
97788
72024
60017
26729
51464
80692
50427
89611
23953
14313
22662
69102
49875
63084
50682
34169
27970
17570
95708
68186
17343
54491
13337
69836
41814
95742
17585
68345
92792
61407
50786
37304
38544
18702
55056
82551
80611
56521
16558
1076
46505
99953
30380
60549
30659
42106
63998
73048
88184
79643
67396
35220
11568
89414
53467
27230
77227
76402
60511
93688
42783
54835
16507
54915
56461
88299
72687
84742
78527
82010
10269
93255
21856
13649
97136
78133
45208
38053
29033
69224
8418
99422
33639
51137
46443
77071
22642
17131
26377
26304
8996
40643
59382
26150
91605
19635
4776
26261
3938
36697
36623
89452
29530
99879
55306
86478
61028
29028
75238
55601
5007
69488
70004
64751
96920
85732
73541
47610
15250
81271
14596
53613
19573
85662
15729
45469
62981
4907
52310
61582
48574
68310
27015
12898
19001
36793
20731
49452
91582
21012
29889
33155
40358
66034
71137
42962
84971
41443
68529
92972
93806
14376
51088
36124
92709
38381
87203
20923
3039
98608
11689
86171
22261
65536
20700
87488
48367
26272
84743
9199
78672
28139
87422
1182
30464
94962
42239
32810
87636
56897
49828
89640
17723
43967
10625
56435
5543
6228
16832
10724
90070
16581
98998
96576
65821
45018
16673
9067
50576
31297
72257
92538
2704
7980
27025
3590
63505
98421
94465
69820
64839
55361
46416
95986
51949
89154
62155
22196
43953
24919
21596
52828
38623
46958
50321
96512
49321
46410
42059
57542
78160
8896
84479
67186
75025
64474
88781
67359
76143
90334
16154
55788
75032
14505
23916
55342
97303
60341
84257
88132
95894
13018
36173
64712
41422
89105
6190
27169
49325
49619
65069
80533
84866
91679
7348
11227
43239
11419
60230
37102
62732
34834
18783
45470
42044
68476
27114
42849
15150
23451
45753
28551
80555
92385
99460
91563
21270
57935
49153
40069
82621
78937
60732
73468
37947
53861
6995
76953
35943
36274
7441
88694
92476
28277
47205
90134
87686
80350
64414
68974
75654
70489
24101
40545
418
65393
25719
59177
45452
46383
27485
34193
65933
95616
7690
89152
26830
38164
48369
36175
3171
26242
63489
40540
83893
95850
73982
87351
22890
61363
74140
41273
16722
54610
19770
86997
65617
74380
71321
77159
46340
38770
66616
17417
32114
97451
68590
23652
53392
83569
15331
87202
30865
63857
81578
98626
67080
89877
56127
38598
71900
46047
34649
99175
59239
64235
26636
17448
57546
19767
84223
77639
26513
82335
46565
32208
37726
21280
38009
49900
62005
99487
8635
43287
51044
84834
43681
9902
54252
51771
94172
45799
69456
32389
38057
59835
16633
63559
31056
94174
62883
9462
14460
37008
17256
91416
3575
21995
61703
19778
55745
13148
7793
89826
25262
31791
24111
38137
33818
53220
83603
63104
53641
82974
23738
23179
7774
51481
77083
53867
68856
81659
99695
48686
94788
69635
3325
44385
14115
29086
60800
92117
53050
52121
30071
21599
64688
25777
20649
75610
66855
22246
34962
5607
37914
4942
39727
36148
97903
8773
14658
1243
7224
73986
28418
46625
78572
2726
88515
80543
68478
65965
18013
52445
49751
71334
27515
12602
3924
19007
55203
9225
16542
25818
37021
79477
56194
2204
88193
48004
18189
70116
54850
36026
20998
85625
5873
12565
33352
4923
7375
4213
26746
36380
94962
23294
17036
68040
74995
12694
63024
35263
70514
99786
13523
84035
46343
30605
61111
54508
84166
72672
40846
40761
3630
51372
77493
63778
91438
68844
57066
16169
12308
23400
98956
11566
30068
30332
7470
44929
56593
20504
55703
60947
91979
95008
44473
56261
34309
36116
16011
48834
31153
24362
67526
55977
29019
73558
11961
94946
94383
2347
82665
96721
74119
30236
89384
5320
6101
72988
16080
13943
93130
93731
66908
30239
79713
15409
53924
81221
45834
80589
11764
48898
7542
14855
94503
40822
8060
15036
66309
53180
40647
52951
41846
40953
72412
14100
17858
73390
79883
80064
28807
63821
16689
29468
95381
86377
20039
42401
47209
85478
16972
57885
13252
25295
82282
19259
52488
8358
44551
15585
98318
58902
99018
36723
80711
32324
35911
83828
1421
11716
81353
90285
98245
37000
6939
36230
90452
40755
47283
1362
79739
16588
78748
83783
61040
71758
41919
41386
64762
34332
79213
82569
23305
10226
43116
55138
85487
92054
54395
6242
31263
58862
76675
52423
41345
24971
74460
76006
90319
28290
70393
46921
29167
97467
38129
28560
78828
16643
30571
14904
78067
70300
10885
37529
89800
43093
3585
79306
60163
54516
38669
2815
28235
50127
64237
83058
49932
26
73159
1792
34424
75066
64459
94154
72120
70840
96157
45915
23501
2290
17600
55050
60871
35115
40961
76341
7808
96611
90685
45357
81494
70913
72272
97265
75396
10444
36571
92979
54013
51001
43345
26775
60964
96831
50718
70233
11114
30310
24981
25613
24612
10558
59988
78818
59913
93900
59670
86656
92837
9087
76277
28625
22269
17665
9337
70332
45504
27881
9762
40396
14245
24589
47406
90895
96743
60724
55911
59162
22394
79882
82060
69514
13640
21644
59706
57477
73197
97155
43031
46207
44267
17390
60668
14521
68299
6040
64188
16419
89169
20649
14997
99970
18138
66873
74513
93645
81205
74078
80249
17905
33819
74438
15959
95093
11852
4608
52263
6744
13960
27477
89754
45685
43270
3349
13318
93480
85428
43659
30733
56491
52556
31890
28679
76890
90959
21377
34159
89653
82818
91169
75560
36547
27457
72320
29450
46002
56996
55646
51885
41981
74733
86277
1520
56007
64938
78069
2183
38148
67693
62653
9951
69175
53861
85254
60910
53110
39289
80169
2364
85098
67873
77857
81096
67954
90465
74523
97721
28230
4963
68074
48002
52825
49680
6359
52272
22040
77259
80597
64211
22864
99017
85234
18118
80012
7568
970
68061
62299
62123
54998
42251
76784
41512
43234
40589
54307
68655
37628
9303
36949
4863
70183
40120
77425
57030
22735
6540
86253
39836
61656
75166
23504
79709
72271
68536
67021
72897
58242
91017
29646
61914
85131
75409
79468
43050
65639
71308
53946
21182
6053
65880
43554
30826
40090
58597
79751
1538
14578
2873
2346
3923
83617
33565
25032
17436
41975
84935
91711
17324
32593
13732
24017
86681
50764
11266
12194
50010
65557
69079
48732
79810
38172
53874
6098
54521
41287
89212
59233
38937
62019
39146
78802
28546
7445
42050
96827
81114
20654
37448
62758
20645
79549
2180
42282
24892
35710
43601
85461
47149
74768
96132
86315
72816
33509
5719
88968
41697
16946
67281
30753
80414
1126
10388
81609
50782
24792
50051
71951
6700
81816
44846
59717
12351
46088
94428
53147
47768
17668
90611
2122
7960
36028
4902
35629
4411
70146
51164
7849
54836
57759
93817
67789
46245
46560
89995
48660
68348
64493
64947
45127
43877
84634
48398
38464
96720
90071
54751
78826
69760
54946
65627
6276
41165
15356
30193
77284
82455
10521
76500
98392
49031
92049
84742
70631
79587
65235
3715
12374
12814
7738
6278
25607
42074
47927
51996
45724
13099
65805
27939
30554
23753
80636
58687
80488
31457
26613
64473
72598
36281
66477
88276
79354
35598
33069
11342
61269
9420
44709
79727
19540
553
63169
91985
8755
91838
59987
84843
33565
259
32048
43164
174
21734
17143
52529
74649
47112
3276
68819
20357
13620
3
84944
86610
11869
17751
90116
1466
69874
99994
87715
73842
56065
50663
38758
35215
23781
38387
12176
15686
95949
58850
16156
91116
95595
94390
43781
13980
21718
35330
52529
23031
2237
66877
51227
87173
71303
33458
96572
92217
70604
58740
55925
77491
16809
92207
43483
66911
11940
9274
86783
7323
91453
24136
2841
87191
7053
68253
51408
42452
41150
13118
70153
24366
14311
79649
93130
96790
96130
54436
12074
43576
10955
17561
30039
95548
73943
15231
9603
21704
16463
22188
13963
56002
68519
60070
98437
26194
55936
66577
99526
92518
886
9250
17998
74672
11878
27986
12017
10250
34080
64367
27330
9498
55877
91181
38973
99216
61854
28441
23761
4748
18136
96941
75529
74140
9535
70911
73558
13219
6646
13397
81819
24854
52209
32883
70068
16543
78671
3893
52035
69861
70231
6872
46232
93059
90221
34610
20733
19252
83601
57282
10076
49456
39413
93442
49005
44271
42905
67961
6719
38765
27461
98989
20450
43463
87938
69237
77007
80033
31125
18893
70261
28393
84825
56707
29985
33046
54904
60046
24361
61995
3398
39326
83733
22456
39034
28046
51274
9759
74249
26934
82772
51028
833
79069
57520
48093
80575
44300
69875
34745
79565
20414
33019
1149
22556
31475
25232
95513
92281
6660
17237
64442
73103
11984
84113
19912
80570
12853
83093
89071
36451
44187
26122
53116
30173
34282
90072
29309
78202
40188
45173
33131
41130
89452
63848
47075
82418
27822
46937
63055
55141
23352
55895
48420
93057
89086
88997
29733
89033
76124
8738
42852
78362
66316
14323
85256
64813
28023
1167
33579
20104
2984
56583
41530
55713
53788
19537
35232
33488
14486
63504
43516
45039
88047
60289
81102
23281
86378
40995
34193
46812
20101
3812
77122
54116
51308
59173
80990
23333
39016
21929
20074
59197
33941
35135
780
19045
9521
36041
27735
51274
78768
87593
96548
61419
38060
2535
65435
12657
13881
91553
78449
30502
29143
9264
53995
147
4960
51826
28481
2363
10466
73306
22078
53229
7751
32432
21732
18794
98415
65990
29804
16468
53759
18232
10411
65614
24435
13567
6096
96726
53647
20690
12169
17883
98899
82489
3942
12829
28716
93648
87573
65504
57607
84085
83756
15628
4993
12430
92102
6053
75323
55258
38052
65089
76969
70386
80277
21035
6280
89787
70768
26036
53423
57963
15294
21328
77439
72885
76373
1236
11956
89203
59134
68682
55358
94287
66936
82286
24489
95214
5654
66057
94935
11129
92355
50087
13360
41353
55014
13655
87312
35887
59648
34174
87487
13758
29618
22169
16733
61782
95548
83917
70300
75917
64864
98316
55432
63739
33253
21639
58881
36738
31640
79018
25097
40344
89484
88921
46265
31923
99938
52453
10638
2000
21220
83530
86209
46400
23563
84328
66900
24944
34688
99164
73639
48595
61151
45915
47083
67918
14552
13515
80942
7744
43056
94653
79445
64267
85860
91786
96232
84227
80877
62729
26566
79026
76255
85323
47257
35814
46411
16083
97157
28632
31877
57397
58554
87898
59616
97386
30954
33564
74996
34797
31476
8634
85154
78581
56477
87590
45710
72048
58688
94477
9483
95864
20541
37353
88085
81012
33773
11235
66680
80270
94134
62690
71342
39756
28569
20
71013
5934
73033
8728
41310
48451
30518
20006
66290
90663
36327
9564
74575
70013
55079
56870
15520
95461
28566
87272
57451
63387
86880
38315
50900
34380
34058
58146
92063
42581
69608
60343
35699
14265
49708
74487
46745
48415
57434
85367
76452
20742
80182
5122
52938
13638
99039
608
27569
16421
16533
86564
63621
59026
23285
56498
22757
19105
3365
76427
94461
11492
40715
51926
93806
11330
43992
91085
73994
93398
72546
31393
40700
85255
38351
66763
20612
56095
10637
90801
78816
33099
26910
84241
13734
85038
83697
43084
80877
95010
73068
62962
5228
43372
12677
91622
60218
3771
14608
51149
9941
94652
56722
36729
4062
50429
62869
49036
57473
82972
14836
87883
92338
80267
56630
62402
3827
34467
15383
29454
51698
91170
72482
92522
78607
59715
94491
65497
39260
21912
32600
69228
52189
58054
92496
54673
84046
99996
8620
71897
4260
63633
51546
56452
20395
37882
69632
97900
40911
15845
3661
93034
93431
56662
16715
28008
68395
31515
95153
21060
25942
56813
25397
76510
27430
2182
28543
35359
83536
94905
8184
30438
8657
57746
55425
81679
66992
97707
75200
36578
23903
57896
90357
50486
55231
52945
84459
69088
87331
24585
56939
68796
14221
84687
19210
68214
8757
74096
38530
50870
60616
79431
51550
77958
29677
80435
94446
51489
95267
69971
88123
23801
36550
68384
39316
44869
7600
83687
14951
34405
39100
96418
87532
54964
77350
18610
74427
27241
97646
77594
28734
3498
22299
59163
55905
29870
18268
20712
98341
79020
1801
59301
56532
62021
33801
88929
5230
15787
4077
77
55234
29869
50297
99000
65529
45600
67811
49480
53933
94827
21236
17399
38135
36943
75179
45512
56645
28369
87041
24196
60265
60038
10343
13398
38863
40986
20043
73151
455
30812
19834
27222
44832
3337
13375
29408
44790
14484
9481
46983
80642
52047
25099
3003
72816
47001
85533
37506
88462
9700
58112
23453
95648
34145
65151
71800
44720
98763
59153
9837
50690
50828
3322
45911
97894
85392
9425
73774
15815
42308
7485
68035
78912
52106
85080
86681
49198
62493
41622
53758
38593
32187
32766
18149
74252
82835
92823
40226
14172
33388
5342
2145
42981
5712
70227
31939
26519
29076
41940
62550
15024
87109
1217
6991
92587
94288
61791
59271
55222
25677
14744
83471
39201
4969
41119
88369
58482
14991
47377
48645
6230
14515
67703
26413
946
87579
79656
34446
74135
8682
70540
37387
23764
47657
2363
51455
32197
28564
57827
247
18473
8319
18728
89514
48274
46691
93478
70326
51382
87337
9363
63864
93058
80274
62848
79718
1389
19776
16157
9933
10186
46437
17308
45667
68056
16358
23245
18216
66100
91179
19529
32734
26862
61830
84523
30530
55193
61245
79000
34406
12507
97878
82687
24204
48900
66846
15708
7041
81660
45333
72214
95283
277
81882
93224
62992
55232
25103
59357
9245
93595
69001
55924
49168
90824
37654
69699
16875
54681
59818
20760
58326
38214
96040
78171
26807
42849
70410
84911
33520
59457
23854
89399
71061
52091
38333
97205
26984
45904
95096
29517
60403
41855
91073
36809
78369
72538
70659
46582
36538
49206
65407
5163
86266
56988
33109
45769
2444
93628
78283
99838
92680
74210
47869
10692
31110
7840
79201
49703
82685
79179
83413
17379
15869
97666
54600
40715
19493
58569
3841
8934
98530
15988
98224
36948
99461
23774
29360
79055
12128
44570
67029
89549
45277
24544
16695
95233
5946
8713
63291
84449
71973
16854
13403
72450
44335
95690
74353
49311
86576
13977
8741
26457
46264
4344
27216
5016
56429
62067
97837
31888
94758
84253
13147
59871
92227
43682
29745
13426
79878
24089
22655
72871
67282
57205
69116
63406
93502
88699
1105
40744
52662
14445
10690
83249
37455
50469
35188
33595
60997
4989
68480
23695
40339
70987
29234
25880
27213
56459
41118
96923
58141
20052
21184
8542
34873
460
59118
38090
8350
94455
63484
47659
37227
61771
29900
11252
94012
65951
66384
33535
32672
86018
52541
93426
94106
68359
74350
57950
85265
3198
27986
9216
29652
74430
55891
73354
40526
53055
9732
54044
83937
24580
95206
79564
27778
40885
60087
78725
87633
16682
22263
55307
39412
73988
72760
7516
71759
19222
87970
70610
31010
99936
56737
69222
98014
14780
37036
96430
35717
79793
25778
17607
32925
69925
53026
7982
75569
43888
10103
20871
75269
55371
37854
20097
49075
47047
52070
47345
38311
30747
22051
39450
59251
47253
46559
93583
20720
21137
92702
45711
67986
14919
82636
6127
40454
55359
1829
5269
29258
4799
54176
60096
21225
11749
24537
41925
26930
90769
68058
54485
79797
46970
40069
42586
49689
22624
96192
10208
36732
33473
54110
63216
8264
35557
20390
35223
28079
65524
26914
73254
73507
83080
75975
52051
5619
87325
26107
42332
66310
612
29480
86252
58733
83351
48763
1237
70441
8807
91769
90525
18617
23921
49023
29206
14973
77711
83765
25509
92492
5418
9646
94725
54574
39629
86686
35780
81111
73237
24921
21482
34497
12325
22308
12697
93252
97879
66042
22864
68405
87500
10525
52970
76568
8291
8599
41092
51555
49224
80491
12476
71537
19364
64893
42037
47328
98035
6107
11542
19752
74547
61319
7378
51768
67512
28770
9442
85390
91484
3350
47183
6546
85396
42080
1548
41712
87774
31384
3007
73488
18006
20062
74080
79348
24679
94659
57626
56429
80062
17745
6383
22586
21147
68536
92313
16479
58081
42966
4522
27774
12301
546
11092
89908
50915
34518
51973
64818
46275
46294
28235
1430
78971
72801
85141
72550
20086
83379
42586
60809
59090
1396
32786
21250
37935
73729
67554
32489
87619
48789
75797
4744
87339
24307
47302
54895
19804
27219
92891
10644
47128
79910
72427
63850
65435
54600
38495
87485
45301
9410
31606
25032
4146
57976
2371
7731
50677
43413
8785
82636
29891
76177
82247
55520
43548
6461
54695
29047
9540
57547
52912
69577
32607
8284
59555
58497
88284
52103
60258
2828
13480
83715
28820
19358
78371
60882
99974
72481
34768
17034
59788
86299
55205
85088
45828
37467
38051
91123
84155
6911
35295
72531
51785
64902
90111
13068
7832
19821
34048
6259
57250
27944
60244
37451
11768
57630
58889
85140
27231
5281
48740
81170
70644
68425
68365
46037
20049
60205
61412
56362
47079
94525
5649
63453
88203
75486
55737
3913
97421
1475
29133
69022
9475
49348
83804
2158
63557
29406
25576
93908
75730
53511
77974
48225
63120
34668
81791
30116
39920
7241
1028
30197
21103
19043
90814
36255
82808
88678
17235
96136
70824
32055
40933
53022
80298
99125
52612
73439
38560
29776
93252
19109
18723
26821
46793
95884
68801
3254
32926
30178
93222
46691
75653
62890
80406
59815
1417
75916
5014
84977
19760
21948
9642
38748
30636
68838
33305
54414
85872
32659
39949
34378
8992
86843
81462
26514
57121
25511
29006
59324
73295
75137
5847
9391
50190
42619
23233
59067
41688
12056
22311
36563
56532
78715
44025
75048
44808
8074
70645
20483
50629
37662
67246
90334
43809
31274
99279
35775
44578
79430
81913
20722
81718
89911
13863
90690
99584
2044
3859
86740
56845
42039
84337
4897
44068
29014
36601
81774
5819
93918
61698
12169
17254
18675
4650
34145
49451
8006
34162
3810
46673
13628
80646
87884
16471
17654
53434
86928
40417
84610
144
56007
53004
8126
92951
82990
82307
86788
973
23233
92010
13974
24036
71731
31512
12423
81251
92807
58626
26756
64611
90831
70193
45694
13050
56126
93493
20340
981
55596
46196
52673
99997
3622
96827
66719
29084
5934
33909
55287
11066
20214
49401
20583
62016
64949
59485
34126
72029
44580
86825
16215
1286
86808
87047
56287
52408
99452
67062
39748
96602
75594
91965
69837
86942
57446
18492
75184
43590
89750
70206
85700
10435
23522
78668
93284
59544
17412
50971
67579
54397
30284
73797
95634
74048
29459
63893
67732
62693
62042
40284
22331
72462
65759
35456
27001
1206
87034
63604
88996
57688
85658
54563
18398
97965
20823
51782
5248
63185
41620
24789
49731
72807
75187
61210
40235
79379
8564
1985
6961
30981
21260
41580
88139
11606
3486
78498
42618
94250
37624
64775
92815
11062
48205
57799
14042
62587
394
87564
68209
66608
38871
23504
2266
71486
75885
79148
87926
64612
71406
96334
49353
39931
96709
49225
78090
9844
50683
64966
37475
93406
16371
92953
9189
50371
35171
78318
16364
8850
95343
89602
46762
89143
79396
22767
6739
91846
81421
30431
10917
74423
14549
19553
43153
34732
25147
81880
12586
71854
79819
71569
71113
96436
78334
30317
90235
69189
54032
43357
21160
84341
70266
77676
69408
70156
17004
75478
63203
16004
8585
54838
55693
83185
9438
59612
67613
60923
66976
18942
81313
41158
41889
57189
16288
88787
13775
41161
5187
927
9385
49527
44257
65257
55679
81550
39781
24817
36709
14345
41438
93212
33203
40214
84355
38644
97980
98629
4417
82220
64137
56061
38722
15266
67186
35880
78715
25341
69784
27855
90803
16021
74914
35424
77451
56401
22994
77323
81103
33932
20514
34540
30135
97937
46433
44291
35258
58758
38308
61920
55408
50981
74859
4953
87297
45636
91633
41118
24048
36758
22287
19395
52350
4811
21038
89756
28956
20402
58214
86152
62576
7743
75096
71236
98819
16136
58117
83521
15846
41737
87817
91727
15742
44199
47224
62968
95443
86322
46739
15593
46352
82083
82374
79627
7320
13733
67105
60720
51814
35824
92529
99177
40766
3920
16026
73588
55830
1540
46900
14387
33019
60066
52736
58520
67553
33913
84069
10588
35850
80270
62538
23087
29362
91336
71250
62505
30677
85447
85488
37375
20350
33550
33509
66706
53996
19521
44701
71713
84451
7306
4578
30782
39341
438
58619
46014
67403
4892
64934
9514
13212
61598
15917
22355
51112
39912
76679
72578
61065
34037
33998
57421
47415
82192
65784
42534
77007
51608
14516
9294
11583
87677
30979
88454
98544
91431
69137
22822
54256
94167
24750
65158
24988
59045
71790
93913
42983
45671
47225
54266
21129
58739
54671
61823
16966
47995
72444
79946
79577
33720
91636
67295
85373
42306
23083
29167
1465
24283
78611
24306
47462
74059
89587
6068
78814
17286
42625
45190
28610
97834
33404
70005
53511
74501
35464
72056
88255
5651
25926
15554
49184
57348
21359
4248
36339
65180
43598
64637
1274
10453
32727
35528
3615
7999
36424
40343
42966
70375
37050
55997
35438
90325
50275
23543
69081
66607
71020
12316
49941
23611
97738
68338
13846
18338
3548
3997
80146
50672
22143
9235
31849
52408
43121
82507
94255
86325
93632
1940
6296
63851
92206
47650
67903
23403
54244
90339
76242
43893
70000
10959
45821
83960
21308
46654
61713
15573
59180
23667
38481
36898
17652
90710
96377
14730
11892
62944
40556
29201
30897
19247
67448
98165
80720
92410
49480
40561
23058
42174
73414
32379
77831
55702
50474
74893
24624
70441
48260
58241
56917
98141
34274
77269
76896
58730
86270
26670
31764
97834
5320
40600
73485
57196
843
86187
19669
68583
99326
33706
68256
76972
57193
36677
11429
15476
67474
52351
66938
64920
29155
58090
43371
95712
37722
78285
59894
6035
8685
1383
65350
6189
25623
62094
58793
36367
4772
48368
50384
50287
92245
85499
32580
62960
59088
38040
96767
83341
24679
43441
41486
5967
17219
97555
4449
97534
70316
16463
90379
52820
24216
35675
49117
53485
98991
8534
11578
85371
38839
89288
22134
28406
416
61735
72656
2512
63341
45718
63689
35110
61277
13352
53343
86034
30454
99234
61227
10013
59662
90687
7731
92787
74965
28301
27405
3087
30338
56372
48882
74005
30936
28215
97594
33502
71284
24531
90169
10318
6166
3204
29109
74433
79210
61479
94115
29860
29586
54874
31486
993
70545
66272
11267
55250
93847
27841
58315
94230
30564
62925
5542
48865
4379
61985
9360
71693
70853
79202
15603
29487
21470
60359
55705
11845
33504
99283
75404
18155
66793
53823
7533
87116
33964
74582
38701
59734
35090
31834
67882
86502
77802
70981
16425
60418
39988
47306
91085
64358
79494
58297
42354
60086
82457
36897
27913
79315
5235
68047
42768
89993
36529
7477
17932
10404
54289
86119
4262
88514
85978
82782
12607
51012
12072
62591
90321
12670
96696
48086
59652
31630
16684
72027
95178
41961
28091
19063
7192
13361
64344
9440
64801
89667
90365
22240
21872
16940
98037
55508
36385
49756
16131
31760
68253
77106
8946
45376
58801
22519
94137
55017
2794
48903
89322
65037
49007
53770
79768
60238
4602
39074
29539
26922
20948
90364
70274
32004
36492
90184
91595
41859
26004
76838
42625
82548
79833
89302
37563
73547
27421
14290
41197
84647
68690
96184
83446
3091
65748
95230
30277
18504
63460
6346
3592
79824
44317
29594
87698
66565
31445
20989
20680
15480
58066
34629
49001
37966
88806
67188
48600
3333
7560
44083
93831
50708
62896
80450
63170
67984
48751
3817
4724
98155
10249
94317
54778
70166
66992
39679
39299
95911
89118
97646
69568
90902
86350
60060
52814
6594
84984
24590
77404
61105
65064
73757
71419
31284
96313
16266
13026
31432
80659
72911
26459
8025
84797
33424
39118
78497
18465
37168
33895
39375
48444
99935
80294
78978
91518
62481
43428
48180
72132
22538
62621
33332
82223
92982
22526
28363
71296
97653
87531
4480
29875
84275
40493
43896
34933
30262
70647
8821
75620
58256
74324
56319
98018
31445
66095
50816
66100
58310
2943
12136
40029
45260
45388
1937
71154
23616
98242
84861
22586
79142
87793
65884
5828
13050
89086
36778
8645
93699
16138
84437
2316
4069
15901
65212
36452
35763
13999
51602
99078
45344
13715
63778
50231
73494
84032
34189
49573
21216
74941
79567
94490
78914
94408
82367
19323
76008
46723
92565
12608
10972
52315
49094
36751
82897
30743
27882
82039
87421
90713
42623
71046
13251
98068
70950
79239
71790
51211
1643
18908
77114
961
81443
5588
42059
94691
91502
4266
72449
23598
77435
80794
61508
98462
6475
4895
25817
63156
29453
49646
32119
86723
96937
48969
30195
11895
11096
57121
74999
10082
86320
70219
66673
25412
96318
67933
25927
84439
25516
62726
82825
28501
14754
13223
48031
46118
79464
12530
66561
27369
72522
7741
67110
49214
52180
40579
27283
70446
24253
14488
52277
9400
66880
27046
32714
20089
21988
42824
63834
43895
99614
56899
94595
49258
45965
6556
43377
29576
73155
48890
31245
29035
85251
41017
7340
49441
35269
50248
11977
11663
66359
26816
23117
21154
41086
48769
62281
97973
64890
34730
65318
41080
39335
55221
2164
27171
64607
54829
43903
26167
77757
34316
57760
41645
41821
56662
6224
77277
29760
92620
95671
8045
61323
12397
81698
33620
79214
87247
67762
24842
97890
21782
45713
42030
72428
74447
15808
32659
67166
25676
69420
66536
73373
95869
53951
12387
82333
94342
11219
66441
94984
25954
32001
32412
2461
31412
7864
68706
13749
38566
12297
11118
77762
57121
24958
30157
96240
12359
48459
33007
44333
55760
86077
5519
23717
21535
74766
21025
92229
50912
59579
63255
62433
24992
22157
55857
50802
89577
4659
3775
9079
29817
84817
47763
23900
74110
6674
85352
71256
41840
91352
12265
54512
72618
59412
3007
22649
7814
69009
15387
34011
39637
41611
97148
2160
24472
45373
83230
53836
71839
69656
36000
67479
68283
8687
38767
2006
13345
77423
86676
93927
93693
67532
66902
21387
3024
81303
50958
64254
20488
45068
87302
52929
13211
4103
56332
97241
85824
23734
53529
24656
33482
60138
51192
66042
9313
12551
75797
7378
33407
15163
74788
12002
20964
59755
88203
97378
56822
57897
92141
63831
46872
38946
72308
36861
25062
86676
67098
90143
99914
79452
77812
90595
72222
10317
51516
13539
70239
34781
62265
33046
49067
23545
23501
66317
48215
16249
83931
51160
13614
91567
52339
35145
14090
35864
40763
31921
83368
49237
47483
53511
14860
24563
9317
20487
55824
42406
2144
36343
28394
77556
94032
72100
63929
55278
34595
78859
55147
78042
88634
2835
17647
5611
62386
38712
46001
10514
98254
95907
61624
83310
75235
81908
14360
44990
2047
23330
63412
93240
24215
86169
48820
88882
91404
88514
17950
28637
10937
81760
28820
2385
47804
35990
95658
77443
46494
17159
37091
69940
39041
42069
3783
30819
86757
91627
6627
33379
81431
72726
2429
87591
21206
58638
97969
98009
85891
52978
11149
330
18276
92561
62790
93283
3253
55525
95509
51002
65837
16090
83250
16961
45288
86125
427
17561
70230
25103
94657
16292
72639
35433
19167
77975
49713
19193
34263
95150
74600
69242
91259
96921
8984
14050
63221
40692
58010
22372
66020
57653
93809
97686
93043
47038
8504
83598
26808
63315
38761
30693
9926
95589
59212
29469
68591
43725
27419
3359
70169
46356
33167
59805
21339
88143
69064
47670
16373
3304
71357
84920
43114
47127
83038
3327
43291
34864
58403
86747
51904
41237
34196
63408
9189
18764
62867
15256
14208
27628
18185
44483
76555
19985
59852
78590
89314
33231
56042
31505
28474
49058
84340
52739
55163
77892
60298
72472
27708
68856
32223
93722
9370
10116
58121
42773
116
30747
37255
20092
32518
29944
83247
6634
91264
50215
76275
32035
1251
52797
84015
6297
61559
21000
26354
1610
7596
86752
49639
99878
51755
77277
87935
82702
23127
97795
19068
66232
66502
1848
84796
10127
18582
38102
64256
28631
6446
8379
97688
59855
65618
75613
42990
42511
27234
13692
84907
86257
31984
14096
54249
79884
71484
67649
70487
87323
94861
92054
54082
46972
85838
24581
20166
95668
94275
50248
32433
91471
39975
31473
39760
77062
28580
41748
50905
77210
21677
7683
91059
53564
16283
42967
68422
52559
44002
41449
23835
8037
11568
64417
86607
40005
15650
82854
40506
2222
48482
34484
33078
94998
3872
91180
78542
71884
98380
15205
25476
61019
38702
94400
15199
76079
66850
79321
31888
26226
38291
56697
55999
82991
16883
50473
73207
92664
88532
75585
5802
89347
85638
78174
81730
76207
56813
16305
65190
83172
20766
3860
52261
84089
40407
13817
47681
6127
66072
76923
94139
30778
57634
45685
15320
91071
67882
66897
86605
32409
72185
29016
13420
20758
35139
93064
21098
18559
69987
12325
8332
51956
14575
70662
74414
75669
87645
64304
38863
99262
14610
70720
8540
98314
58882
84385
72568
34584
55658
13917
22149
64587
43813
12528
99154
64011
1806
26840
15169
21161
26099
63273
80372
66943
36339
84830
44083
70102
46324
88778
7644
40097
67363
38508
69127
41863
94025
33344
45077
19518
62310
16369
89653
38323
9388
94093
61362
76038
31931
79538
51261
24369
916
63460
38610
84169
6941
49856
30089
24414
18928
22346
76700
73949
70400
52835
24368
45076
54249
26487
43074
31797
65362
35730
77711
40596
4578
31923
84575
49066
252
26392
81136
62556
43353
33401
23131
42486
18241
55153
19940
24337
86469
10582
39747
71668
93500
48618
35498
15414
50775
18826
76275
78401
42115
66019
72584
42098
24187
24005
31470
46173
77928
61904
53710
73294
36214
67467
83969
85898
34451
49779
27192
21812
24711
9424
93862
16651
94475
9924
62762
48305
12647
47484
82684
57190
57900
37161
98611
36691
65963
41000
1617
11682
8848
35869
17644
66410
8318
11039
52346
79849
6184
29132
62328
11850
81770
4765
16407
10567
48290
90709
61636
91272
76014
691
50354
75240
21570
69510
60357
99928
72102
2560
78718
36605
79530
41443
68350
67701
41735
54905
43065
85303
79252
74528
39801
8184
28097
79073
74316
83018
57012
5665
90603
80671
2941
34673
10407
95883
4760
1248
61010
24840
95807
69713
89895
51762
17481
78823
46648
4274
83235
11996
97202
30553
1674
87505
83183
7330
37026
66880
30807
87226
73621
53133
77972
31227
9963
31227
92209
34259
13923
48699
69677
58532
40396
47966
89954
24997
13954
89196
32781
80902
30728
23949
8794
16913
88958
95269
15533
86027
52159
88125
47982
15993
41242
60956
69426
16416
9803
19541
96963
48869
77078
75993
30348
68883
66847
71885
6754
84186
58824
13366
57490
16244
93096
33649
91811
11460
56772
52735
49768
17912
87213
88605
37797
36397
60695
60626
14490
81521
79185
22338
35345
47043
97797
44832
90816
10167
75789
84032
60604
62581
36336
53353
43034
86433
90424
40426
63843
71766
42705
44644
46003
43692
94465
41924
41614
46648
11838
20852
70208
65778
56176
84519
48975
86418
74853
59123
53152
84180
10762
46332
97602
71835
43661
25962
10330
61233
11276
19356
84524
23083
48249
37110
34308
7723
65645
89366
10974
49792
30277
25765
25496
24489
47262
5992
65105
92214
72745
57014
93182
20431
64843
45796
76873
77230
75987
86620
83334
96615
61304
39565
81748
36712
67983
31131
8204
49979
54278
77751
80458
33224
41632
92425
42709
92919
80301
93481
98668
52276
74245
59438
21646
98987
45026
63486
39046
35187
48887
94244
26834
21799
16080
32159
79790
40687
89927
27158
30754
46173
75744
16970
25413
99635
18466
54980
87180
17475
34515
65582
54834
44270
51118
55358
96134
43341
70787
74316
16044
16622
68972
79076
28657
66358
3624
18807
15215
2725
48502
28108
11384
70584
16207
51860
30018
36487
74655
51643
39376
43118
32706
58554
80825
91593
98616
74346
23736
88633
83236
26451
111
43523
11015
20738
19064
12600
69139
30201
89289
58063
99599
88032
78947
74317
1031
37401
56568
18663
35244
76433
13270
53599
43215
38195
99988
35082
6389
77622
49080
38130
21144
15063
72387
9495
43355
60065
32666
22608
87687
46792
38994
11439
99206
46390
94710
2627
70171
62845
90488
67895
92796
55755
40978
18871
11406
43259
46071
47891
74940
23847
82140
11420
3795
23099
59900
64460
6940
72102
89292
59746
95542
64010
15612
2218
2256
75282
57798
60380
67777
77283
21175
63611
6532
85963
78071
7901
68179
36854
61527
86314
21310
98656
46005
60733
70024
3589
15631
83335
11839
89235
4802
79155
16662
30689
78141
56229
15968
46873
34215
16572
84043
31440
63978
6774
69719
61175
91514
63379
84370
54794
97894
14577
44785
39077
13498
84630
53005
79895
28878
98861
71031
20078
49775
18375
5945
93746
61576
20866
6123
46478
49389
58888
13167
55496
68931
20686
72681
16786
22991
88989
65694
61913
94682
98286
96297
87099
12797
89709
45812
5750
56815
18400
66137
251
90984
87777
75028
85249
10961
3271
92420
5845
65931
34467
49087
303
88888
55718
97583
75809
47433
14944
99245
39944
96805
24675
29848
87173
58387
47782
37330
72165
6469
21253
52312
6204
97089
93830
283
95601
6669
55287
13120
47507
75862
75314
75312
67465
46972
78178
92476
61862
72350
45248
20402
48763
97693
5974
88469
98407
47248
6724
2459
28842
50468
39937
60488
84599
25229
96761
95106
91015
55438
83509
60530
18506
98177
60857
79958
19161
16259
99590
64549
84167
3423
46752
31296
51894
4597
44169
2993
83397
49543
93036
68323
1511
95104
89270
6078
42831
24673
33759
15357
18983
72650
51399
4014
608
70753
97851
83109
74948
33378
88214
14269
34471
98083
40068
23341
35516
98754
9698
78210
75268
97261
17121
27230
87297
16750
46730
29613
58889
68529
60219
45440
37909
79412
57423
83849
24345
96650
70140
83729
88302
36907
37334
90617
43403
68988
79441
34955
20659
64918
85316
42780
8775
16406
55816
47648
15196
32352
76831
74666
99527
88048
40178
86719
85685
76415
58099
58006
30615
39471
54817
22670
97563
43476
50378
21803
97814
75486
34475
47951
70781
15751
89298
17329
96914
59029
37637
99229
86459
87340
45147
15944
90479
67699
3847
22798
57962
63426
46934
38025
83296
69349
79310
83472
1902
14063
31862
97898
82956
83231
30005
82637
78078
22055
43698
29976
98634
44223
87034
53833
76324
63141
90817
90075
64164
59182
54335
54432
72538
70126
63804
10519
62104
41632
22854
87242
46285
39762
13406
14471
69297
75281
69588
68057
6812
34092
76647
19202
5010
31655
56910
22615
99289
18463
86804
62104
41195
21620
27006
31435
28966
67192
58344
80468
26593
77139
28078
47346
82394
70576
32743
68152
91466
67848
82539
41767
37369
43337
67829
96741
65582
38658
50947
83581
39519
64654
62426
27379
38439
17178
77895
17729
68757
19541
52960
16498
22049
58771
40617
48986
22201
94494
33331
27665
90074
42937
23774
10283
63579
55442
11647
34293
96674
89860
17853
61549
57370
44006
93494
29022
98300
47316
26654
18807
81738
87096
74311
38087
60283
95092
75196
21304
16560
28782
51559
91365
41893
51032
78963
71769
76291
79740
5323
93893
48115
75777
22849
98589
13869
91196
40267
16463
22542
60821
30440
13409
82184
18676
68065
50023
9619
67561
42442
68958
8193
8726
2535
54856
22096
99865
38828
46564
81976
86553
56572
12937
4772
45836
85395
78751
2141
81314
53023
64826
80162
37074
41257
11123
43700
11648
370
53381
88718
12039
53112
63521
13490
6824
26424
30511
3902
44047
64301
59266
74877
79167
32566
83798
42713
41178
12406
41384
31374
26446
56245
4562
3451
90143
47076
81505
89394
93613
73406
23893
24303
16642
64809
43413
9509
16730
64188
42477
8531
29967
17051
55685
78773
13472
93885
6335
36535
31070
85135
81452
68676
93427
53265
95595
23517
49999
14654
58175
89862
71760
31433
63052
59898
19277
8002
88110
33438
33055
73752
10070
8915
39661
35577
24194
73125
88882
38933
408
25089
21805
19521
23967
66179
86501
25879
58874
79533
28087
45050
67265
34707
24382
42551
32957
12115
74365
70887
39264
3619
63211
32177
21119
96291
73596
72908
4782
41649
46664
80514
89398
26491
83675
82096
67189
44142
18456
52523
21618
63661
78251
67324
78011
77278
21673
74732
67677
30783
998
78011
57727
3958
531
58121
42748
89862
32433
79863
13179
1500
77911
67464
31148
9641
86907
97602
34530
12139
12065
56017
3623
76195
76606
44938
44992
69291
57895
47564
64575
68257
82043
64226
31263
89916
49545
67493
58591
5568
55935
20991
72830
25964
20689
89387
34383
560
21090
10264
60633
44347
90002
88108
15374
65427
29477
34789
58054
86910
12811
58139
54039
89053
81169
7809
99923
23289
74179
4106
6975
69813
8028
14056
12875
45859
97644
24559
4306
77939
88964
4089
2512
27525
80609
72514
31803
61375
47443
95444
12799
61179
22601
37373
32826
6904
41627
40668
30225
46801
85524
36218
98349
25002
20890
4085
72086
91622
48442
21880
10154
38102
85589
9510
86745
12140
42945
39478
43264
59661
51229
78808
59841
1797
67478
93046
6619
42005
88495
19606
27115
85607
85232
91611
48159
27202
19789
30155
68819
36121
62417
93291
29098
96349
68232
87302
79850
19827
91334
16941
67700
17473
76407
71000
56382
57953
97700
36106
32687
56632
43486
25619
43799
74144
12011
11376
88968
24929
86826
22957
95157
74367
95364
72938
13990
43245
93393
13307
12949
21311
41092
11337
21768
99677
89813
85846
78315
5203
94537
91806
37161
12837
12415
36824
27463
58944
31161
58588
99901
42636
56357
29695
75186
71262
17351
19514
72051
69993
46438
76905
45967
17812
68208
32431
2226
51495
10442
71094
20188
71295
20567
12340
14173
22977
32388
489
97456
41259
8974
92869
97105
10726
53105
4358
31100
80824
42799
36287
45380
16053
3769
60181
49644
14934
24796
87651
62757
6850
70987
52797
4741
51560
37636
23377
19744
89615
77186
76809
43014
34021
11935
54541
92473
71347
58180
58022
66281
31569
95342
50654
91725
18550
22206
65410
16384
45320
52158
71401
48214
6930
203
25102
96666
32436
14147
53849
94694
72851
89676
49085
37085
71185
43615
29146
95144
10583
99535
39938
68779
52559
85786
11385
30595
98383
26315
57845
66911
34735
64073
91173
24312
68892
84287
10926
76879
55493
65417
54353
98657
45138
70520
36456
51465
80468
4482
68719
99506
17367
92361
96895
66359
45461
43078
45397
89626
21092
6578
38578
54941
35151
80529
21340
66624
99363
27067
68033
53719
18527
52552
76795
9607
24463
26615
9519
6270
63186
22108
48144
15980
3382
83780
79712
71137
1062
5542
15863
69124
54170
66471
34588
34958
17612
80746
61040
45025
9035
23794
35178
51016
71880
12502
62781
30700
11374
45024
24853
37071
84655
57121
9088
21001
13209
63829
9770
39293
76263
52558
5249
68504
68307
94848
82391
91525
30218
4744
19750
14607
70168
2937
36238
372
82626
30277
58649
31811
38963
8389
27839
10834
53454
26725
71717
98846
15586
31695
45505
54975
48219
92722
85241
69255
55221
23695
30761
51832
50476
27039
21410
87583
93423
96036
77232
10321
10355
76939
39252
82048
24803
86779
7088
46937
47732
5853
70466
4542
17623
95527
7047
29275
81800
45287
26049
59687
32804
58376
55283
57881
53719
76996
23657
78948
13011
24615
1332
56049
3644
36923
58387
47768
35841
36437
35405
34170
28485
43996
2875
18621
7291
43857
33539
39749
70416
43487
59903
1740
21570
44192
22811
56510
24943
98602
68189
14899
25768
51637
67584
78697
88004
53961
24312
16158
24433
42248
29658
20103
83525
61557
89908
21072
71699
16000
471
35953
43000
96560
69461
4968
59381
74603
35045
30809
19416
91493
15428
65951
20307
97186
75029
7117
60046
82698
54761
35270
59095
34408
27994
45493
93016
27294
82033
24426
27297
27721
18759
50930
44356
42829
26633
26258
49088
30109
56596
16671
66709
38569
10304
8220
61975
53284
55834
87313
38525
24304
35017
63269
57208
46921
4209
69304
56513
82571
56662
60640
73035
65056
26552
46014
63416
26890
41853
43995
64584
46217
53005
44388
76331
49450
30455
27647
600
30221
17584
1641
21622
16849
42907
81294
50807
3134
66756
89700
43461
81294
83367
27109
40980
29624
64654
28871
34872
84219
47415
88793
73423
97604
82419
32668
99358
76060
67435
68732
64858
65553
87294
62985
21213
46144
93221
50134
50553
57563
60311
68237
88840
21948
25736
33645
53537
4934
59148
35682
74247
17172
73018
3392
83259
22050
46283
73115
60850
23924
88450
75269
50498
2982
84453
64101
46774
60400
14442
50640
93728
32054
1037
53799
10382
84618
96541
61421
27189
6878
54935
90339
17162
62058
24553
4386
55792
46102
26393
99829
80971
21125
51230
42896
58707
46462
85100
3824
71940
36184
28557
29585
41362
24577
1835
91494
72826
7275
67786
90169
80948
86035
58354
74943
75685
78416
2282
58678
42640
5237
66496
69597
66892
32034
28357
30929
62929
35149
92917
99264
32460
66409
28596
80204
41138
79664
92916
82238
39153
16115
30291
867
29698
68890
77889
44616
19003
33146
56832
12685
90625
25490
36484
72489
60698
28705
4857
67771
42177
95465
19588
93095
88562
85176
30306
31957
24965
98777
68844
76354
3447
29750
93692
81281
11172
14375
24906
88210
32818
4956
84591
83453
68966
36066
26666
73164
72537
25270
16064
82914
91845
44804
75966
30491
87898
61818
50491
54849
35854
43118
14553
50568
8848
84744
19626
8871
97821
25677
30702
47795
21292
16362
11866
88058
14948
94361
77461
98937
89901
84467
76989
68986
86563
23314
32231
47502
72775
48130
59490
72963
9585
78275
54044
71842
49024
84061
11679
1960
97041
77377
72660
2270
91502
53304
16551
51255
85149
40075
49866
5733
35674
38125
86548
46489
18655
93673
43586
61781
75391
31299
80445
43504
81906
29550
32796
40837
87434
64970
3936
13688
96037
85271
98461
9767
58427
46906
5849
51432
57847
30923
35117
61860
36899
28825
68584
82480
72283
54459
61299
74756
22756
68948
9871
12347
5238
91681
37307
42341
9171
79170
91825
61516
84348
69506
26704
46881
50681
6373
17044
93858
59221
52718
39713
38603
60557
1994
93407
59125
24157
68700
41983
27087
25851
51878
52316
67800
70783
18448
13757
38839
25183
84824
59671
17751
84538
11351
82063
6690
24202
34156
86908
89528
40732
65767
38571
71468
23580
66356
15996
77947
45321
73313
58570
30986
84135
10574
76328
68988
38260
1265
43943
23885
92722
89186
17844
51981
44195
90698
3070
28188
20083
74019
80629
28606
27471
25643
23662
79196
4467
19275
11075
50423
80449
71006
7639
41353
21454
51297
35447
27162
11286
74806
49244
67675
2640
52180
20269
14403
54332
29774
51746
31684
34136
6782
38435
8521
86866
18254
53486
15054
14680
97059
61336
87804
11883
86727
24107
67296
2706
21457
75917
39622
47435
78931
39297
20535
1148
38688
91527
58476
27208
17592
14078
22094
65181
82737
98090
40300
68361
25891
63441
14264
51501
19089
89695
46463
99274
71983
19305
91650
2040
68116
25774
62101
32182
84125
19514
61428
63963
51931
50660
4477
67851
9787
51415
79950
54949
47025
69678
93212
12505
20160
62552
6413
96215
87719
11996
5171
54914
91947
30198
47237
64388
93053
39838
70235
73051
18504
10602
2502
99249
44474
9994
54953
88649
90956
75409
3960
8597
70864
84371
17644
81957
69526
89226
54816
26458
54971
1043
46956
80216
9486
24693
31931
89593
84608
73249
70187
37535
43880
61525
89600
57666
97744
74427
38501
17639
63327
75759
57632
90481
43044
62781
55345
43665
10236
69704
11815
6585
24864
36488
72895
85039
33742
48907
67898
57053
15282
78204
2137
80388
51632
54336
58807
54865
10001
44669
70852
66216
28744
18677
51098
16893
16320
91889
27902
74850
93476
53785
2900
77753
87946
67935
38719
84523
53052
68891
46804
54706
28677
80177
92922
14705
38453
73519
38016
46371
20113
57426
9690
41488
17114
83688
10650
5820
30424
54257
65415
34618
66978
53247
8541
73183
11597
80252
88768
98896
12303
99594
2846
19613
43151
28293
66945
54119
52843
98021
39117
85980
74372
44000
12316
81572
6282
5740
48883
92852
40928
80290
76929
95871
47340
6590
56596
84076
75101
51971
80055
27011
41913
30171
22700
97345
81282
21404
40834
33388
21477
57799
44275
52896
43583
60425
85149
73895
21067
932
24443
2215
22828
72904
10111
73653
77716
95547
99854
85319
80623
54264
52728
57447
82191
69235
65042
62020
12276
44795
90834
65507
97272
80344
31878
25906
66836
86963
37970
92669
92914
1333
16836
53146
65521
20648
74709
30142
41646
57081
84031
60882
92598
41119
74293
55233
92036
71990
86180
38792
71128
49892
89476
79088
34487
34428
83994
62776
98393
29953
93518
19370
78579
40706
60035
50320
42497
81348
49592
77984
96848
12573
68187
21715
14661
43612
64837
33299
36654
34471
73366
88882
59907
8124
98637
41336
72951
82073
62435
26676
95713
11255
54661
18867
8610
45552
89261
13391
3250
23393
39100
60254
97836
57899
86550
41580
84306
44692
77753
17795
8670
36970
33275
95174
89319
9672
62688
26685
12844
58545
49973
14059
41408
43704
45164
78427
62162
97186
46548
74233
92727
70244
14867
75933
89462
56230
46403
83489
84944
19689
12423
14484
62859
40100
24649
93992
69690
3658
92625
5637
14954
29768
80292
67936
12010
75914
18710
20615
51480
99133
34093
58579
91108
35279
3188
51200
87396
24435
49144
11384
10292
8288
15107
69003
84263
42617
76914
42043
93166
15943
68533
81140
78916
75875
96611
72473
25940
24976
79896
79065
52839
44484
75436
8321
64782
76231
59728
23531
64104
87605
47399
77939
62512
39646
28127
28202
35335
30252
52972
44004
32633
90116
14783
74092
8558
35813
82696
67576
23824
62158
38885
31799
96212
94236
8069
774
6823
58193
8029
69730
40022
78128
27206
61143
51738
16005
12818
28055
71070
31586
99849
66215
79022
75267
42628
76531
8062
47283
91717
79394
11668
48136
61681
79172
15859
2761
67531
8616
17605
34319
63471
30409
92804
86537
58951
44296
65829
85946
84269
84534
47617
17758
8926
29256
31809
53322
51063
53933
97926
76656
43727
16091
67187
96066
19473
13957
63415
3310
1044
42313
60442
4295
53720
62053
75524
56900
38784
30314
86788
45314
89030
25513
69956
9221
45791
35690
93319
76667
93197
44124
29051
80705
6523
3430
29121
27584
17240
70652
61781
60783
76403
98638
59260
70364
59247
69178
34730
83044
82435
46625
97550
73055
76369
76598
45626
40794
9792
40211
97970
49116
35481
29222
65680
74666
28763
29033
96882
74886
39675
14095
25281
80753
32987
91674
85758
40305
50309
64074
53803
270
60453
69904
51764
80279
79777
87968
77528
2946
44981
60613
81816
17168
49743
49454
31866
81166
72836
46566
47770
12216
90829
25537
65902
20344
46273
89907
86709
95276
94960
6651
30747
43302
53146
39516
99371
77868
59338
15148
50194
6784
78866
27397
17835
17178
45252
4472
81517
85489
65386
88610
80877
13306
36610
44375
18641
40903
70938
35803
39123
84464
27044
69968
63054
1614
77750
92681
26120
57316
52448
91740
67707
25273
81739
90550
42465
52960
35467
36809
9948
22649
98528
70273
13152
70928
22767
74644
87518
58754
24504
87831
58125
55680
87092
73293
85239
41005
86252
53754
14269
55521
21881
70550
68744
74512
70163
34142
64238
96581
63064
97156
74556
3495
83324
88902
16614
95230
28423
63516
57864
57871
20656
63211
67288
25346
41460
69782
46155
18757
4626
77941
19136
34697
41126
23966
78797
89482
29152
13503
98244
50412
74112
42733
58881
39937
84753
59830
75027
25128
96991
77267
63876
31439
26742
84858
56263
53593
72472
87216
20733
52474
6235
69244
83172
27999
64509
65558
39517
88906
31332
32926
97176
16027
32279
53961
91070
58251
43538
51989
83611
96466
86282
32894
38790
52648
1758
78122
97102
9705
63157
90654
14339
49809
77594
30836
96701
262
67281
10820
55117
99989
89269
29599
42783
93525
69615
80442
27752
44200
30421
8615
66322
43360
10461
10848
54913
76254
42172
91837
37185
55253
36639
79909
66958
37133
51013
60736
65376
9060
34007
42763
36017
23215
88421
32645
1196
51230
59135
56198
55827
61789
36332
82288
36173
41846
17546
23421
44394
16532
44707
16344
45172
21347
75657
43528
31765
69235
82414
45318
91583
46268
18818
85839
8604
75259
87849
26517
87730
95002
22072
62449
59666
87469
93132
91539
89470
82937
46184
96954
28085
57903
56841
74878
2748
52630
92967
29354
22698
88903
43210
28936
93392
49138
74086
15541
71299
53725
83317
24083
95559
22381
26128
25053
40826
46909
84970
89909
12283
71627
46888
60634
6901
7346
60609
99349
49388
10802
51054
89842
69122
47404
6413
19755
55686
53513
61656
94560
51322
45403
89085
76771
50207
94587
16506
75856
68575
87344
51832
7514
86231
8145
800
65473
79519
97730
98846
43007
72919
46779
16369
27585
4912
44039
17867
35219
51541
87623
85324
26388
24116
76470
49397
78057
46156
60648
5227
50573
1172
21675
52907
70470
19078
75024
4804
58931
55270
98339
96373
10209
69459
46837
77348
30077
15561
91995
57944
98180
30385
40719
91412
53718
49830
86100
99473
87656
58340
62904
95126
97753
36078
67890
24023
43773
82204
75594
66727
7957
42432
9016
39963
59551
32787
228
98844
55625
68769
88813
4712
43745
7214
21349
19526
6984
37859
92953
41733
65414
1145
47471
25648
58871
16449
33192
72879
86626
67213
94660
70685
92138
17247
97989
93506
54909
94860
22540
23980
10377
55884
43968
74991
25839
71424
90477
90582
81360
48576
5192
6116
74949
80545
39729
55212
61387
64672
56977
23081
11098
16718
8707
66971
98102
50103
35887
13471
73502
48592
47697
75945
41922
80349
43768
12161
98002
45756
82347
28663
62002
86641
66790
54564
31593
44687
39234
98078
30105
88544
82162
61368
89705
28977
3817
33972
16733
45149
75322
54278
96455
19893
48663
78278
54807
24296
77147
88337
97678
79317
56803
52861
14224
82442
69366
6071
3736
23831
46950
81435
29733
20
3599
99055
99026
78220
75836
95453
54212
20709
28553
90315
38140
38317
72066
5912
79116
13091
29579
35061
19207
94494
48153
35645
20048
32414
16669
7794
23860
56173
97441
56982
91156
72018
75659
38564
10363
67314
3646
95401
2478
23267
70592
42337
25313
91566
85175
52818
79206
90720
3308
4703
41248
15118
49265
14858
96022
76546
67166
21066
36642
68422
3255
16388
54441
7788
66090
19561
85606
25047
22933
60940
85151
43882
25924
56990
49625
62251
5976
3368
9832
11380
58531
96868
59262
15798
26799
74137
92004
18409
33054
40881
24038
40373
6156
43000
10025
64694
34449
86547
36504
84816
73060
88219
64764
2767
29721
21525
68042
79320
9130
12751
48918
21778
78995
60792
88773
54411
599
24125
36640
82376
41025
32188
67428
93421
42437
85671
40278
39621
5860
37942
52661
95343
9838
85545
92744
56421
72674
82585
76630
69994
84209
29466
14196
12463
93153
99216
24632
72930
59885
19402
98381
47955
96618
59391
52160
28484
60356
3427
61142
96205
54886
11078
64000
92682
42361
70314
35175
85505
38564
16544
66850
95539
69809
24989
34471
76223
68785
31902
85533
65037
72533
94453
58607
35774
77629
89262
60093
4205
55438
93891
62253
66274
82844
48695
2783
71539
68424
57779
77789
56215
7202
38492
38865
65545
19823
32813
6641
68213
12229
40502
1942
64930
65748
84401
51243
37980
67583
17884
22784
15517
90600
65496
63485
9463
23465
5117
16436
36128
84958
19960
70255
31579
50113
93602
11817
90751
33005
11006
9241
56806
61220
44142
69160
50068
50764
64787
14468
85826
14484
36415
91597
96134
66836
89688
88236
1761
23762
62860
49124
64804
29761
87340
640
52480
40644
56326
60300
45193
47409
30499
32544
25222
78544
54457
76503
16055
51650
92462
57982
74243
64223
41002
6823
86813
27799
80567
53117
76563
20538
5272
3058
88819
14580
2467
62005
70490
44240
44668
29567
50555
28925
54192
99788
65768
73902
75819
38086
32767
59898
81878
42365
27380
53860
61392
98196
76599
470
21800
5205
47490
10342
21620
74212
19458
56795
50929
61744
52319
68424
24056
9638
88073
75638
74489
21312
55681
44833
5143
65147
54369
29593
17088
26822
70185
77672
84647
15222
97255
2419
4639
79478
1954
27642
46198
80348
69155
69753
9643
90359
48641
94833
44526
40964
47112
69121
27187
56160
45700
43949
25939
21720
45168
63777
82783
57948
71765
80367
48481
59986
3265
15988
62257
83686
72710
38457
31760
96159
73836
66164
39813
53101
54677
89199
51154
42527
19530
5056
41778
24849
77415
65240
67345
7394
75711
55864
94568
96067
82221
6716
29715
82475
39609
123
49777
21640
65700
54791
40631
51793
9232
3791
82738
40919
33262
89604
93207
57017
96133
87161
24712
44054
62396
91267
8358
56124
18372
7776
68398
17184
53829
80244
51409
23655
46052
98062
69683
11233
49517
15465
70144
18357
6531
15278
45574
31575
46017
43767
6547
83863
59852
20559
91660
47059
61175
24853
63398
27532
62226
54078
21957
32374
43120
16314
85103
26728
14612
70095
8332
73588
17528
5986
44797
22225
80249
41909
77365
48307
83490
4458
80280
29340
31955
64677
32719
58828
20237
83535
96709
81556
45661
77303
29666
51977
77187
2643
71745
10611
85439
2052
37967
98693
77015
93879
26403
51975
4486
51496
437
79470
83268
92194
76540
79118
62158
87489
63111
40486
92498
92984
18103
31129
6394
29261
95160
83581
19122
46914
23259
77004
92087
6160
44305
2296
61919
33868
60134
21180
19647
80331
30167
41261
30716
32418
20049
36943
73649
95621
3048
6660
1338
59537
23888
41727
155
80038
93756
40215
64977
4396
89969
81559
32626
17750
68677
6450
7203
43236
67482
60307
85654
41026
70257
17779
33214
43598
75404
34820
19313
33111
10373
75754
86232
61825
86436
92586
71382
34597
32385
35162
19731
29268
8662
71351
55556
29628
26688
60374
93976
94212
77010
15410
81985
19825
61782
42276
75133
48875
90369
78513
41921
37786
46162
94973
91937
85034
70695
88573
88798
31789
77627
83210
61388
287
2048
86449
86015
24165
10613
90632
76370
92879
3908
55803
90675
74397
71259
8580
97262
24157
47012
95353
94580
84530
22019
98272
57512
74256
68524
28061
71367
58148
3103
23116
43825
88401
91553
44137
86936
94005
29944
51372
75396
9706
16386
8659
56960
21096
87219
38168
22373
65991
93321
84674
99744
18882
14925
39063
79715
16024
90793
25230
9957
62317
74144
50274
7894
67885
59631
54531
42244
60496
6750
56711
7395
62008
47106
702
98300
22711
53906
61059
7125
83310
17252
23374
19417
10224
65668
72198
61763
20678
28240
72020
26540
66027
27923
97650
82223
65655
27292
611
5814
11545
90938
66012
63107
33566
80758
61408
94812
14734
11597
37897
89171
39765
1257
68450
11089
13535
41051
59762
36479
65629
71991
85330
51121
59364
47467
14336
21199
23284
13853
86124
78145
6390
77505
29295
66615
76991
50196
47772
75250
66705
10519
8431
9651
19937
35595
36674
15005
48851
50758
28030
89257
41345
82704
61166
83367
96347
96541
59662
5611
13544
62854
60483
10427
16138
67590
40261
8820
4192
90478
16119
84404
31141
13157
84952
32776
15317
93888
12049
23378
23888
24218
48238
24598
23639
21264
83210
21025
67252
95580
40226
25751
67766
48299
15308
54552
29337
40317
12961
6062
26884
72537
48181
15221
78476
86506
88488
71623
63094
3930
46772
33763
74362
94954
82982
30585
15971
62699
1866
9525
95154
11324
51776
59878
43267
47072
23371
91466
29799
72219
17031
31384
1552
23689
91514
2217
68651
99067
75235
31139
43080
78863
91855
84388
47477
10346
40075
72455
67112
35157
2324
38230
21787
69266
60234
57165
36178
46393
63651
38183
70264
2035
38460
78503
6215
64242
17705
32452
92359
60619
45998
20882
23661
92657
3014
20809
84869
14287
95808
63988
91531
11298
61322
43417
52210
30737
36646
61280
12327
9898
90681
49473
85616
72026
78786
23566
74478
29064
49640
15898
48930
79310
74796
35909
49548
68789
8925
15590
50606
24428
70954
88116
52559
41094
38226
39664
39739
76461
69623
71154
70952
774
75537
30926
1939
20323
49023
7043
10441
21598
53721
91616
77538
98009
71425
25651
98663
44047
56631
64592
42292
31382
45355
28058
44505
18804
44110
27153
76858
52859
60641
48056
44694
12579
87343
99521
52421
95074
34711
64344
24411
56618
82913
58729
75977
97023
30481
29038
77058
80115
70265
56409
78043
6976
41609
27546
2956
76898
75970
9134
13811
26702
29545
54181
45016
38867
13719
68142
21802
21516
4748
40097
71496
29758
90403
59560
1693
74196
12449
13963